"rowNum","PC1","PC2"
1,-0.444165984528757,3.38138995541523
2,-0.349215728439585,2.50808632376026
3,-1.4360463093015,-2.84629927243083
4,-0.179255905986969,0.121796751764924
5,-0.382768696003627,-1.40655268866685
6,-0.934770850537744,-0.103185855361006
7,-1.50706839530376,-1.36370330098557
8,-0.431557942477481,3.21271179669907
9,-1.94526053642736,-0.894048183017693
10,-0.169557028835219,2.77768238510695
11,-0.62887761342752,-0.965141526538931
12,-1.11037082330834,1.62099585791157
13,-1.68326326184367,-0.955652640992535
14,-0.373428959772987,-1.56039352135834
15,-1.19196416044474,-1.05885941091711
16,-2.05492966302034,-0.996916837892286
17,-1.60908045714493,-0.268356847821692
18,-0.775907840681033,-0.511220872814191
19,-1.46863407747637,-0.16732046597217
20,-1.12961261912401,1.37617207967843
21,-0.937701084457033,-1.22716243669339
22,-1.50872194999421,-0.370892935779882
23,-0.61503817519637,-0.578221349386951
24,-1.33295565724309,-0.777941987091213
25,-0.507198719750328,-1.08118151458993
26,-0.105806983238741,-0.0264848938945462
27,-1.35016499791454,-0.549210061278782
28,-1.78148554469379,-0.18982511287188
29,-0.53263395194818,-0.721332890590731
30,-0.050581081766007,-1.51690016029654
31,-1.03650449806996,1.4924260064002
32,-1.11600918975982,1.65032038124576
33,-1.14433392752635,1.44625015564579
34,-0.970029031486292,1.43164325872592
35,-1.0765255551291,1.49184984063402
36,-2.17189336665336,-1.19187514481935
37,-1.91652659463589,0.122676328814832
38,-2.29838110566096,-0.762851308831276
39,-1.13054289408942,-1.21354966848235
40,-1.1339961306681,1.28881213381228
41,-2.65393183571134,-1.01422506487267
42,-2.87154203727008,-0.0978242846823854
43,-1.89291790945814,0.145313569510422
44,-1.99300510449576,-1.62113743917924
45,-2.27097946554009,-1.35707966000068
46,-1.00265922989071,1.36327998912266
47,-1.09041737815652,1.56373538161631
48,-0.97800352957881,-1.28180482543114
49,-0.997710891569663,-1.30399646665088
50,-1.00196947270916,1.27566805491328
51,-0.767997545169741,-1.26005720506877
52,-1.54128755613804,-0.593710068608723
53,-1.05126661924737,-1.06032446905784
54,-0.0784942431805358,-1.29080009651448
55,-2.07730101938259,-0.816573203409334
56,-1.06293918177465,-1.17899890963371
57,-0.868113457361308,-1.36310603910317
58,-1.13949103812334,-1.14498272432705
59,-0.964946735307789,-1.2715494478562
60,-1.10472881797958,-1.2916798139965
61,-1.30302526423063,-1.04538217376381
62,-1.15604424067415,-1.13116761764039
63,-0.750166869909975,-1.39414183913614
64,-1.12068654301847,-1.05828529622903
65,-1.28686175897491,-1.04025399439485
66,-1.24912431908898,-1.00287417863349
67,-1.26001663144201,-0.98718794828998
68,-1.22312012203909,-0.997872977177038
69,-1.28512718210472,-0.984329064991171
70,0.26676650640234,-0.598406323341228
71,-1.17455500803029,-0.125441439864292
72,-3.2227350199612,-1.93988265898227
73,-1.57298117623126,-0.506132125503349
74,-1.55676939353429,-0.541354554275148
75,-1.34384405901503,-0.243540836443616
76,-1.46555860041107,-0.400332525834358
77,-1.49188162982066,-0.22370694834081
78,-1.35082926041143,-0.386370651248108
79,-1.41489427021854,-0.223437309297544
80,-1.50964896726873,-0.427426162176123
81,-1.39983369821868,-0.263450233261223
82,-1.32500872267854,-0.237300250588809
83,-1.40707505575713,-0.270300533155966
84,-1.64496566865631,-1.91190348741854
85,-0.885917108163229,-1.21844610954075
86,-0.125429127384392,-2.61379705171412
87,-1.08598969228189,-1.15299948569683
88,-1.23537964469653,-1.04759978117121
89,-1.21116919113472,-1.06253842701754
90,-1.01627250346712,-2.31321244370705
91,-1.15017187621139,-1.23359101844445
92,-1.08984518607859,-1.08764190490106
93,-1.07586004622019,-1.21886518850483
94,-1.24063803095567,-1.1094796818966
95,-1.11678382299064,-1.06964684581862
96,-1.08347135220301,-1.08831418563933
97,-1.27556634704716,-1.1737642481778
98,-1.21906731055898,-1.13022532586276
99,-1.07502436256234,-1.06002224154269
100,-1.17693854910555,-1.16105118723852
101,-1.12590578171815,-1.17755206346007
102,-1.23007929295606,-1.11140455221546
103,-1.06383767102977,-1.10338484303753
104,-1.09371122717404,-1.07582735199144
105,-1.11161264185915,-1.16259538586122
106,-1.10851335333813,-1.0540337491991
107,-1.1749675992672,-1.01261972720368
108,-1.332620680497,-0.83269954316445
109,-2.40536492801777,0.164641921497013
110,-2.87154203727008,-0.0978242846823854
111,-0.839774762749276,-0.941689297355368
112,-0.990079853083382,-1.26864672350185
113,-0.0336322849741338,-1.73779289576269
114,-1.55587061126207,-0.253954535831921
115,-3.02572048837664,-1.3478705518614
116,-1.61981143776856,-0.763663152612758
117,-1.00265922989071,1.36327998912266
118,-0.832181230404036,-0.529943054097669
119,-2.1214980864515,-2.01080580569315
120,-1.4368536310038,-1.35887325747826
121,-1.23922009879225,-0.859233802917586
122,-0.501348462013577,0.664429932258063
123,-0.8465256431323,-0.5421554682889
124,-0.0912274477210232,-1.51007663176042
125,-1.12961261912401,1.37617207967843
126,-1.12961261912401,1.37617207967843
127,-1.11600918975982,1.65032038124576
128,-1.2565660083573,1.38906417023421
129,-1.12961261912401,1.37617207967843
130,-1.12961261912401,1.37617207967843
131,-1.12961261912401,1.37617207967843
132,-1.12961261912401,1.37617207967843
133,-1.15680481339125,1.28987732842868
134,-1.1099598270318,1.31508623184828
135,-1.12961261912401,1.37617207967843
136,-1.12961261912401,1.37617207967843
137,-0.970029031486292,1.43164325872592
138,-1.79439974978965,-0.902735290982542
139,-1.70740911293237,0.168278063796721
140,-1.69133893462849,0.554227570342656
141,0.686617196066123,-1.70080855912267
142,-1.05905333203737,-1.47818779135084
143,-1.00461101183181,-1.88521836016718
144,-2.39547266874477,-0.90662751348935
145,-2.21841580383271,-1.11593777667909
146,-2.0816502100657,-0.693802988305985
147,-2.21087457654079,-1.12577717603395
148,-1.95227960939143,-0.919199919524178
149,-1.88806495531841,-1.30771806823995
150,-1.46666364704601,-0.52609120699063
151,-1.37846111156929,-0.978553045149127
152,-0.447168404397718,-1.65059971588363
153,-2.43914311614453,-0.91492610550155
154,-0.800738741813225,-1.66093595722015
155,-0.186301075105303,-1.15529479457234
156,-2.5477861097902,-1.04685412977327
157,-0.0896443229041347,0.391050688850771
158,-1.38223898665141,-0.749824734037992
159,-2.68941282275737,-0.985516249312752
160,-2.68941282275737,-0.985516249312752
161,-0.178396801153805,-0.456861782719365
162,-1.94045099166254,-1.24812614813296
163,0.408845458358839,-2.63054951402897
164,-1.33168315360656,-1.39921816709747
165,-0.810722266900895,-1.74392539032726
166,-0.373428959772987,-1.56039352135834
167,0.00130663104272723,-1.59637574551145
168,0.590092682551322,-1.6894422417332
169,-2.65393183571134,-1.01422506487267
170,-0.5182997450261,0.168783319064996
171,-0.664261950753999,-0.93152925347173
172,-1.61883244321778,-1.08172720254177
173,-2.79592929395594,-0.0203910484658469
174,-1.1432424670446,-1.15468692326603
175,-2.85918701937973,-0.122897248509217
176,-1.00943955704344,-1.28941882016538
177,-0.315615370015628,-0.0122153866154358
178,-0.687431421579829,-1.60391572449525
179,-3.0325160028537,-0.863207922443739
180,-3.2525077022242,-0.226361681493961
181,-1.70739835476785,-1.28333691735693
182,6.2905393935395,0.0899536560877029
183,-2.89298249651878,-0.0439569821678558
184,0.0303504466534552,-1.66210069295595
185,-2.89298249651878,-0.0439569821678558
186,-2.19219489367448,-1.15653882199381
187,-3.11738446313414,-0.310816362832912
188,-2.74838883302648,-1.08231854433813
189,-2.25205361097609,-0.930348359520702
190,-1.97933924775258,-0.845243703907728
191,-2.28667375147301,-1.37555717523549
192,-2.60109114897729,-1.166123027792
193,-1.70646819586575,-1.0459281400172
194,-2.5330181976562,-1.34512617703983
195,-1.51027409715485,-3.05404981462978
196,-2.65096240325804,-0.467675552633604
197,-1.56134016592515,-2.98679854695471
198,-3.20641912340609,-0.77615377300182
199,-2.68532415184774,-0.994302148623318
200,0.0150334174224715,-1.60496433688984
201,-1.25722575841517,-0.812317574615718
202,-0.507995632664464,-1.40018258990208
203,-2.63187558618031,-1.0696961972768
204,-0.669294997068754,-1.42182593936645
205,-0.550516596702648,-1.91615441275818
206,-0.880082185344776,-1.58883315345932
207,0.122949158567002,-2.15214048083786
208,-1.07351323634211,1.11196244387752
209,-0.229387172467128,-1.61208494376925
210,-2.71399999749575,-0.937681566940923
211,0.786122317953804,-1.35345948575336
212,-0.807626200793457,-0.228305134442654
213,-0.474691427680724,-1.88399958360357
214,-1.31683459151419,-1.16120643904811
215,-0.783387561015709,-0.747747156594168
216,-1.2374101464185,-2.22411736888977
217,-1.1407918749842,-0.52218551352806
218,-0.74659204739297,-1.12003260770145
219,-1.62229237787049,-1.71854960518145
220,-0.841362893851615,-0.608089223530185
221,-0.428647398327817,-1.67104618559535
222,-1.31803303190612,-0.878081297960458
223,-0.4960210244616,-2.90857796197367
224,-4.19749455447919,1.54352709616926
225,-3.11962489791749,-1.61745865979302
226,0.367108447939468,-1.19966812327569
227,-0.403107388549565,-0.958887902487193
228,-0.364527697997605,-0.779573097186756
229,-1.42018243453072,-0.408622214604435
230,-0.514334960927469,-0.725794296124894
231,-0.428539509928736,-1.77047188174246
232,-1.58510902476011,-1.82675219562395
233,-1.12447217694165,-0.5563588590875
234,-0.609733853255593,-1.2195536671517
235,-0.322423901406632,-2.87449122943503
236,-6.69325223913609,-1.26349786955415
237,-2.00147814200062,-0.816485397204427
238,-1.2449657201087,-1.38769252287119
239,-0.0474376444952987,-1.51153269629075
240,-0.0337254416442686,-1.67271132380702
241,0.0387055648992898,-1.61463957421416
242,-0.0462569855460943,-1.52995758237042
243,-0.500810705209416,-0.710779832348603
244,-0.34669644857267,-0.375123926258567
245,-0.372730546662815,-0.402557488777118
246,-1.4015193283308,-1.08068603339456
247,-0.305281774895595,-0.381049974343632
248,-1.11203955466649,-1.56637892865588
249,-1.21565196510162,-1.54555249704344
250,-0.791841307411422,-1.48778710863157
251,-0.138529669819152,-0.839229258751338
252,-3.87011456198997,-1.35895340196577
253,-2.63092200518329,-1.15461173104351
254,-2.43889028272588,-1.14271806494666
255,-2.13279043047523,-0.659952124880249
256,-2.27851189925132,-1.34767496879594
257,-2.6070902439431,-1.26034704310504
258,-2.55785759320615,-1.29381926016816
259,-2.2563323194931,-1.37942169231175
260,-2.2563323194931,-1.37942169231175
261,-2.55785759320615,-1.29381926016816
262,-0.182525621918289,-0.27390189934486
263,0.0275078823803362,-0.855999604608736
264,-1.05305178457652,-0.125340894783799
265,0.115489221796972,-0.644424282440195
266,-0.779276629722998,-0.644822836532114
267,0.125573503408668,-0.411741151034742
268,-0.142153642625003,-0.772123145079284
269,-0.251018445416385,0.156697869119689
270,-0.336015985044488,-0.512339109037408
271,-0.208699065196018,-0.511923880984138
272,0.174185232902048,-0.432421194217643
273,-1.93185816341315,-0.641042528785307
274,-0.865491239923173,-0.508481806416226
275,-0.0118786591319953,-0.657633020400086
276,-0.324297369284666,-0.560184679430425
277,-0.328054899283906,-0.536034652238056
278,-0.301227432588092,-0.154458476174024
279,-0.250640242747733,-0.424148891866144
280,-0.306727955850325,-0.427752343220108
281,-0.303501809841143,-0.517638766620276
282,-0.227469563278047,-0.506121843838252
283,-0.216598466788523,-0.372187316858748
284,-0.761792945386998,-0.161922109050271
285,0.660352651390613,-0.617003866787494
286,-0.257563708691586,-0.491658722240093
287,-0.113515720613839,-0.216252272274055
288,-0.624288935156222,0.524929638071205
289,-1.12911511509817,-0.0875744318508378
290,-0.223851074209624,-0.709715229773126
291,-0.23689131245424,-0.0283461586059607
292,-0.0754893763592247,-0.292485863186829
293,-0.257513862767581,-0.0988489460239947
294,-0.222499465610276,-0.213419318012498
295,-0.0400998414227784,-0.0149233998510566
296,-1.08190935512627,0.386478208001696
297,-0.293982760981172,-0.160950410067351
298,-0.112719928064572,-0.286554427870728
299,-0.0125639323927942,-0.591262670094425
300,0.20425940139956,-0.247423074081449
301,0.287357785829913,-0.282560927022015
302,-0.00726184782918314,0.127655243615344
303,-0.0365036823083618,0.139513440653439
304,-0.0208054008769005,-0.529320988035643
305,-0.280633172815357,-0.486090993098075
306,-1.05997139347677,-0.061685378292818
307,-0.0966489183329001,-0.274325144458269
308,-0.105997069598185,-0.600015883738794
309,0.418706837875868,-0.0715691741499376
310,-0.87602279647901,-0.195164244124728
311,-0.573220642102126,-0.332156689918995
312,-0.214805221357562,-0.186838602164905
313,-0.528713590705746,-0.42241479040829
314,-0.110621797706102,-0.277461629968955
315,-0.579705021122494,-0.867229754896765
316,-0.0300532811336256,-0.293185860352526
317,-1.1219943487586,-0.496623511675339
318,-0.43560436757926,-0.485624629283576
319,-0.363053097450926,-0.496290050971032
320,-0.11714973793486,-0.161551703448499
321,-0.228738395948874,-0.809709667011123
322,-0.296814876368578,-0.646344298672876
323,-0.841125854598006,-0.382751249030097
324,-0.0730087747694847,-0.264054837646799
325,-0.11997719568452,-0.397650187455751
326,-0.986948951468519,-1.08206824526002
327,0.178460020550664,-0.766411899509537
328,-0.976385072183081,-1.08895324083536
329,-0.219970888106332,-0.381499880959277
330,-0.227594459679257,-0.344612324083896
331,-0.604820049261169,-0.215955283775796
332,-0.0712806008731333,-0.132065802962418
333,-0.678398372308847,0.00501424624945907
334,-0.514602607456701,-0.48714563855423
335,-0.0730087747694847,-0.264054837646799
336,0.00994319122701741,-0.669270712051025
337,-0.904161467441919,-1.1664938841731
338,-1.05633309159845,-1.06734094514884
339,-1.20768898864956,-0.889694867909026
340,-0.71042044487655,-1.62077076812488
341,-0.932745116341336,-1.16011967917813
342,-0.918569317157779,-1.44718618445548
343,-0.775235400161467,-1.1800780636086
344,-1.26408140356688,-0.998637904734397
345,-1.3818227207687,-2.80024157118269
346,-2.78649804133517,-1.05148314984784
347,-0.332482526726837,-1.59110360914356
348,-3.07802411113273,-0.0490501896866652
349,-0.5429122669616,-1.63104339446282
350,-1.43880004745045,-2.82551901444726
351,-3.07802411113273,-0.0490501896866652
352,-0.400761013121173,-1.66262380467498
353,-0.81273644325151,-1.36834394703537
354,-1.12199971297826,-1.05773113556017
355,-0.498001791153644,-1.25501846665175
356,-1.07847272789006,-0.959146287575507
357,-1.57347569690108,-2.77492845898611
358,-1.3585898584875,-1.74009905506767
359,-1.33826285466161,-1.01967240477851
360,-1.2108309640392,-1.02524984629638
361,-0.804601394063919,-1.37046353859345
362,-1.48248124180152,-1.35297018962234
363,-0.990545398255986,-0.694359436589919
364,-1.53723410070598,-1.57478193488132
365,-1.14532786643622,-1.48919294305114
366,-0.539319243171273,-0.56584511311745
367,-0.740734647534,0.00148040019353432
368,-0.904275042765538,0.117279786072025
369,-1.01706441613816,0.199859276342981
370,0.14914148513152,-0.349754457219898
371,0.612960201556874,-0.36783675249528
372,-0.782523595379122,-0.0241206952429276
373,-0.479526733565804,0.00241869718738467
374,0.199143273137254,-0.356020515148035
375,-0.51056223860418,-0.650591358285724
376,-0.695713091032204,-0.519113612394022
377,-0.0080155753458378,-0.51108746753894
378,-0.38756727080798,0.289317749567444
379,0.064014813836936,-0.556133941005189
380,-0.135415648507362,-0.719481064523206
381,-0.250320527196398,-0.506599468990198
382,-0.0791453279288163,0.121040401275425
383,-1.09842920133051,-0.138206200763596
384,-0.319482256801386,-0.505897400959714
385,-0.106330562485303,-0.735332310045541
386,0.122043105854365,-0.222549064268281
387,-0.565823970624342,-0.166135250521909
388,-0.0918567294434198,-0.216564551856231
389,0.161240329504855,-0.417332181937904
390,-0.278741817280341,-0.203551751989217
391,0.150230778690294,-0.218591065941512
392,-1.09932102868081,-0.102831528051283
393,-0.313257748317334,-0.487972694026213
394,-0.610234927513743,-0.355447874887442
395,0.0216364533742285,-0.423145295874927
396,-0.305934319306321,-0.316397967130109
397,0.169828066553262,-0.833862617117883
398,-0.0317209513586448,-0.575070194807198
399,-1.41172931041993,-0.556145469160445
400,-1.09842920133051,-0.138206200763596
401,-0.110462564181986,-0.109535524517747
402,-0.293982760981172,-0.160950410067351
403,-0.356703291703753,-0.295764137882028
404,0.18008142544138,-0.335382890588959
405,-1.1719263036733,-0.230269183854236
406,-0.0788156996591099,-0.563180864874335
407,-0.260188550940271,-0.529133301957345
408,-0.498594536972304,-0.102260683169455
409,-0.116598960886657,-0.201937322936979
410,-0.225957143081901,-0.37051741349492
411,-0.344814323278625,-0.584167812795413
412,-1.09842920133051,-0.138206200763596
413,-0.430329606208752,0.330735777208067
414,0.198749765376721,-0.427215502638331
415,0.528763546961776,-0.380814898620679
416,-1.09859688908361,0.518173678576545
417,-0.159209441215389,-0.28634807560217
418,-0.217714783818997,-0.769181150826666
419,-0.361743616428483,-0.808721099455581
420,-0.286852670565655,-0.57403379195224
421,-0.136714553049415,-0.500022768035054
422,-0.95927396336479,-0.893539861812004
423,0.0691724278310198,-0.590825592670266
424,-0.050360753254242,-0.35152542839032
425,-0.860512248178984,-0.490935101674688
426,-0.440409876048335,-0.437260921504962
427,0.131403685145906,-0.455015267918165
428,0.527041754072487,-0.659231402702436
429,-0.0603375635132667,-0.304858979947775
430,0.226591994277518,-0.331189863254063
431,-0.906629635849534,0.128360378330982
432,-0.183832712987075,-0.622883668870291
433,-0.704349506315991,-0.0788764227502284
434,-0.901861548378812,-0.716795462848492
435,0.617530270299383,-0.938740427306479
436,-0.175270970225607,-0.0548636684144435
437,-0.0325505727725286,-0.68866046485085
438,-0.129142437543773,-0.231553794249061
439,-0.363053097450926,-0.496290050971032
440,-0.237637102235115,0.212336531101154
441,-1.70430888563117,-0.419077530130648
442,-0.541298930750741,-0.568627594989102
443,-1.04897948362876,0.265302101454661
444,-0.295958716690367,-0.660001835496659
445,-0.528713590705746,-0.42241479040829
446,-0.110621797706102,-0.277461629968955
447,-0.272436754680129,-0.216137386443599
448,-0.528713590705746,-0.42241479040829
449,-0.110621797706102,-0.277461629968955
450,-0.736082865186116,-1.22801609142868
451,-0.75697363590918,-1.2811511784069
452,-0.41113276414172,-0.481958354505176
453,-0.027547997762144,-0.655912915337645
454,-0.570527802494777,-0.534330584587613
455,-0.532210828330907,-0.64233153616868
456,-0.291857531082516,-0.15954630037988
457,-0.455653340917626,-0.0219429889651675
458,-0.509599809870162,-0.586962658430438
459,-0.530992386192424,-0.582545103955672
460,-0.498536004908468,-0.602085786456477
461,-0.493908953962277,-0.444670380933047
462,-0.32965941479019,-0.0827053235907628
463,-0.281740180774913,-0.824904363364514
464,-0.113096666963671,-0.309267052602421
465,-0.743649655461928,-0.319520442829386
466,0.140223659616816,-0.426790114633884
467,-0.050360753254242,-0.35152542839032
468,-1.09931368691613,0.27799868363355
469,-0.456193570722839,-0.243046191735378
470,-0.249612078529687,-0.717639079938531
471,-0.452038588017032,-0.11710933097604
472,-0.0277975636091433,-0.661943891835845
473,-0.380883708516476,-0.0474236593363059
474,-0.483521309613954,-0.493850629673765
475,-0.209443542729644,-0.794273609929492
476,-0.229789009581924,-0.419718692989229
477,0.137813054958105,-0.455062119510532
478,-0.371244877335494,-0.207069175700347
479,-0.405557370374959,-0.251243928779564
480,-0.866939340361688,-0.44386259812912
481,-0.242313038082978,-0.557282003309661
482,-0.253485235523843,-0.283892360830474
483,-0.128127226595542,-0.497085181903231
484,0.136897084303368,-0.437717498719486
485,-0.404054171984722,-0.318610274140879
486,-0.30529576920776,-0.295057538747022
487,-0.0138039425653765,-0.76802256413643
488,-0.399190138921305,-0.550750241109452
489,-0.954195981939228,0.0279317638122216
490,-1.25080003689111,-1.52099137849514
491,-1.30465131585537,-1.60497894719655
492,-0.0975443676880649,-2.09420841004332
493,-0.64777236997914,-1.46433027056813
494,-0.275534103128849,-2.08275699222934
495,0.0474076383868998,-1.85998721130906
496,-0.583300846085535,-1.31529194611486
497,-0.516906548165487,-1.63067331858046
498,-1.44157405220174,-2.80460159757826
499,-1.26083731833684,-1.01298182714785
500,-0.30616870432093,-1.59084693069206
501,-2.78649804133517,-1.05148314984784
502,-0.729963923423154,-1.33909979224952
503,-1.22095572203951,-0.909590054172892
504,-3.12328076442117,-0.986004280386487
505,-1.33169068946907,-0.765936739547732
506,-1.60271232907851,-0.715829764685783
507,-0.142091007799548,-0.0181603623795255
508,-0.302775543585268,-0.300049429119276
509,-0.0400998414227784,-0.0149233998510566
510,-0.291500857732492,-0.584095966258059
511,-0.319228973457882,-0.335415850300226
512,-0.234346387023284,-0.728382863566618
513,-0.716589017371578,-0.0498278569724628
514,-0.729613620742177,-0.143206334471575
515,-0.295783354968041,-0.0738353843997537
516,-0.707060831917678,-0.0178973824220229
517,-0.72164794047766,-0.236879049100894
518,-0.194776935596399,-0.422251068815037
519,0.03724240752444,-0.692792535331347
520,-0.228738395948874,-0.809709667011123
521,-0.0730087747694847,-0.264054837646799
522,-0.721949998001476,-0.131066695582047
523,-0.682723907325306,0.0103068554330133
524,-0.275060662801686,-0.271971006091361
525,-0.764918536491592,-0.0388406715823106
526,-1.11860833503241,-1.03393818668638
527,-2.03867342892835,-2.67345399529602
528,-0.570146754128544,-1.56287835363574
529,-0.955456855206498,-1.27150440502231
530,-1.15115286439031,-1.15879517505116
531,-0.954500679869366,-1.2102208300516
532,-0.880276260055439,-1.46611635653947
533,-0.622806826630075,-1.03963791595867
534,-1.09584718239735,-1.6339025187239
535,-1.41028919301084,-0.836279295167842
536,-0.689730340766259,-1.07910108132134
537,-0.825058020709482,-0.980528861188888
538,-1.0302035652672,-1.26477135615204
539,-1.33048029217155,-0.359575999773822
540,-0.798287020210047,-1.11628065930351
541,-2.11703630572045,-1.07325824599339
542,0.396751250387769,-1.06855627022089
543,-1.6967335100016,0.0653141277025058
544,-2.64387165924171,-0.226850794828657
545,-0.347656109751555,-0.490918018608861
546,-1.59819025899488,0.958124403215948
547,-1.92444778379425,-1.44385411315636
548,-0.825587695000733,0.0809984975306067
549,-2.23674932490556,0.0464507702795917
550,-2.02842512881123,-0.747968903762182
551,-0.0789271097052813,0.386414906686169
552,-1.46204074536171,1.40601953686574
553,-0.143211595544027,0.506503643644818
554,-1.60006331789784,1.66385711915931
555,-1.66502069593048,0.963722215564956
556,-0.0789271097052813,0.386414906686169
557,-0.0789271097052813,0.386414906686169
558,-1.37307102585237,0.234945670853464
559,-1.46204074536171,1.40601953686574
560,-0.0789271097052813,0.386414906686169
561,-0.968370470689635,-2.16076161816264
562,-2.47695548800347,-1.80069955151909
563,-0.18919128279722,1.7011995365622
564,-2.30718368909825,-0.211092303145928
565,-1.33383919629079,-1.02012254687581
566,-1.10026669486207,-0.505012210551891
567,-1.74231139836367,-1.07400932029841
568,-1.56185581619643,-0.891749214715473
569,-2.11520136470847,-1.26083130384781
570,-1.48169173274338,-0.930180896609174
571,-1.57561025440449,-0.911454080597002
572,-1.81668898638696,-0.709865755223278
573,-1.46572634287747,-0.873380620928975
574,-2.02055975521899,-1.30917699628171
575,-1.35041300804872,-1.61457749365857
576,-1.12344060697047,-0.791952372395475
577,-1.43001495489492,-0.979070944959546
578,0.0904140666934466,-0.630109298689028
579,-0.602617941903244,-0.0709679935083142
580,-0.0946949891978697,-0.636929866230953
581,-0.0682881649211888,-0.712524327863397
582,-0.404801411812455,0.106919952444807
583,-0.722583145560111,-0.131704295894297
584,-0.231815741216088,-0.152101795318292
585,-0.40950249730689,-0.425601512389598
586,-0.590825705582477,0.236457613155863
587,-0.47664841543903,-0.282307276099174
588,-1.10165350351239,-0.32059792328931
589,0.161240329504855,-0.417332181937904
590,-0.189234466978796,-0.0681212293652491
591,-0.148941200477364,-0.509103279641429
592,0.419085089422097,-0.651840712204102
593,-0.883376456597737,-0.354104452101802
594,-0.381417297593407,-0.0638643259906584
595,-0.15408100833653,-0.499641049669511
596,-2.00145162398573,-0.666340003811506
597,-0.312909160539486,-0.620870229470189
598,-0.615267752533882,-0.372985508573997
599,-0.553582546507573,-0.108578457258049
600,-0.435085627244318,0.0390288152424286
601,-0.731352969504493,0.089612204039957
602,-0.898666268977621,-0.675572315871217
603,-0.838628697974104,-0.39440589849482
604,-0.304770979758045,-0.587252170575325
605,-0.888783852967058,-0.56532319049168
606,-1.09932102868081,-0.102831528051283
607,-0.775961712846359,-0.123742741683469
608,-0.68880505127157,0.0316416443340682
609,-0.81539286335133,-0.389020856945683
610,-0.87229428998928,-0.363332791413553
611,-1.05542005785126,-0.185859892366532
612,-0.333912811007991,-0.523214069740262
613,-0.201936934132949,-0.0828244947005295
614,-0.328054899283906,-0.536034652238056
615,-1.09932102868081,-0.102831528051283
616,-0.482565320181278,-0.283562808542908
617,-0.417845509115621,0.159118402803312
618,-0.429772465333986,-0.482711000038862
619,-0.714351975717921,-0.311614366919229
620,0.204276239542351,-0.71864177632965
621,-0.618172362302351,0.0432716998325408
622,-0.817067502242496,-0.408130373132303
623,-0.271734440289838,-0.381160236887439
624,-0.259234351641179,-0.261603789861164
625,-0.0880335284257218,-0.596058741918438
626,0.57495347482472,-0.875782019188883
627,-0.583331290447024,0.166813808032241
628,-0.245484205079754,0.506620721495634
629,-0.517735320801081,-0.188635776984466
630,-0.171061137353504,-0.532746924220509
631,-0.874631640624455,-0.209682950478167
632,-0.632021653997801,0.358139470493117
633,-0.883994002236038,-0.205503048084827
634,-1.01283848438486,-0.724857146588251
635,-0.468879922114306,-0.607462323416784
636,-0.0912758106922001,-0.620820768383247
637,-0.206080238262055,-0.77234101232919
638,0.123495316409968,-0.361201255981748
639,-0.506868190561027,-0.234184591602229
640,0.0612446766660604,-0.44984632131166
641,-0.172860342741807,-0.0964971176672329
642,-1.29855385211826,-0.988533873797881
643,0.128696551778691,-0.62019303630128
644,-0.295961210430592,-0.289779443768069
645,0.0580912940475377,-0.793164801324308
646,0.751442600201035,-0.730259124106506
647,0.125573503408668,-0.411741151034742
648,-0.175488771805041,0.546829162031554
649,-1.44066779803075,0.286320641427192
650,-1.11181949641234,1.19451958742828
651,-0.803614162672821,-0.679122942036671
652,-1.07963634675027,0.104523212948832
653,-1.10391496107763,-1.86039521968753
654,-0.317381889413709,-0.670563139069981
655,-0.647230022378308,-1.09981876291754
656,0.162074478692139,0.385271473786348
657,-0.445762894649481,0.263987371517018
658,-2.46016714465257,1.60079647977813
659,-1.10284873852905,-0.0237383701192325
660,-1.08784413518638,0.190719492310666
661,-1.64492169993464,1.1011510343629
662,-2.14833570029168,-0.565473924335011
663,-1.38526931489486,0.30954593604886
664,-3.59498597772897,0.330923591254388
665,-0.53871429368492,3.04667391845857
666,-1.74900610691277,0.232033785370992
667,0.241506131929204,-1.43259134816115
668,-1.30850626802024,-1.44979584876534
669,-0.295626243464227,-1.11915100775403
670,-2.66020651761542,0.399530371006612
671,-1.4488106449483,-1.03327243631651
672,-2.01046656825794,-1.04187844590339
673,-0.0495246348597665,-2.2557049710767
674,-1.35516020293764,-0.69213656278965
675,-2.65758449270494,-0.812433909867318
676,-2.62815182222361,1.26560020216284
677,-1.79266553511631,-0.191162945863221
678,-0.628259974362699,-0.605604111815612
679,-0.570740058985274,-0.609123787691927
680,-0.556991050482013,-1.61718645127624
681,-2.42705385512075,-0.4736318452848
682,0.15631114585906,-1.48697801015069
683,-0.29218777424228,0.75611945268432
684,-1.19221764068429,-0.164211112943805
685,-0.156488019462263,-0.217744409315527
686,-1.39370154297441,-1.09802287196968
687,-1.13226713046452,0.787395458079279
688,-1.7804586127428,-1.22892622882339
689,-4.80179508832757,1.77622946892934
690,-1.80466419132211,-0.957220808356641
691,-2.98323207680016,-1.10112764343882
692,0.275132232359342,-1.02295796775208
693,-1.72364150092249,-0.713345860738798
694,-0.848037904013303,-1.43166096098727
695,-0.174783998521599,-0.348842934633553
696,-1.93403888668928,-1.26269446250596
697,-1.80175196993856,0.188684341269102
698,-2.14567292367374,-0.265509452710261
699,-2.80845541623501,0.0580893711631232
700,-2.17408855268997,-1.79757828133081
701,-1.13748224472555,-1.18537747000225
702,0.407675409433243,-1.01064305406492
703,-0.367473912930611,-0.522679318833336
704,-0.988773884596779,0.122022413920936
705,-2.58960195370049,-2.25843901193178
706,1.49960074803995,-0.839288901436557
707,-2.85962681186232,-0.00865816103872064
708,0.508276761788814,-0.499533497904969
709,-2.68433200954072,-0.0439163504439165
710,-0.588055902847774,0.929007653912618
711,-1.3044521678408,2.19350366143019
712,-1.72242819391869,-0.828202144063475
713,0.12357954173955,-1.21212665253218
714,-0.266040889019178,-1.61407373892119
715,-2.09725696869748,1.00981065776545
716,-1.19121097463419,1.37357725426375
717,-2.00212330352514,-1.00866143853121
718,-1.06832164056456,0.388378310752863
719,-1.55292933335936,0.00426618846434326
720,-1.44655102328704,0.360384099560087
721,0.371552058368233,0.0032761680759682
722,-4.30451834720022,-2.32975602057697
723,-0.690767889320648,-1.30726973913067
724,-0.984419440560811,-1.08260906756552
725,-2.46213373740032,-1.85214379437929
726,-0.91938907637131,0.023790058362302
727,-0.552986236233919,-1.05504201424375
728,-0.838985046477118,-1.23552236041987
729,-2.97201003447346,0.487001665306005
730,-0.956112820115391,-0.0087990041738818
731,-1.90786206493159,-0.157185635928051
732,-3.1596309781108,-0.513661218238353
733,-1.48471327265752,-1.36222059899579
734,-1.58601872989118,-1.11639093842114
735,0.0775964075357526,-0.363528117529132
736,-0.673484591598583,-1.20500973043514
737,-0.172835285812431,0.31334366021481
738,-1.1784617081613,-0.876281432190188
739,-1.09066295848193,-1.15361284342352
740,-3.03890749061716,-0.794429924351742
741,-2.2713911617859,-0.887321182894285
742,-2.59287710489514,-0.869774903716426
743,-2.2713911617859,-0.887321182894285
744,-2.47587385961378,-1.05377288315919
745,-2.41419124369604,-0.82758462817679
746,-2.41419124369604,-0.82758462817679
747,-2.59287710489514,-0.869774903716426
748,-2.59287710489514,-0.869774903716426
749,-2.66262510205099,-0.891658296797748
750,-2.59287710489514,-0.869774903716426
751,-2.41419124369604,-0.82758462817679
752,-2.47587385961378,-1.05377288315919
753,-2.26779477105806,-1.02997339567981
754,-2.41419124369604,-0.82758462817679
755,-2.41419124369604,-0.82758462817679
756,-2.44648063225715,-1.07216367121945
757,-2.47587385961378,-1.05377288315919
758,-2.2713911617859,-0.887321182894285
759,-2.59287710489514,-0.869774903716426
760,-2.59287710489514,-0.869774903716426
761,-2.26779477105806,-1.02997339567981
762,-2.59287710489514,-0.869774903716426
763,-2.44648063225715,-1.07216367121945
764,-2.59287710489514,-0.869774903716426
765,-2.59287710489514,-0.869774903716426
766,-2.36094656308357,-0.862461319223265
767,-2.2713911617859,-0.887321182894285
768,-2.36094656308357,-0.862461319223265
769,-2.41419124369604,-0.82758462817679
770,-2.59287710489514,-0.869774903716426
771,-2.26779477105806,-1.02997339567981
772,-2.2713911617859,-0.887321182894285
773,-2.26779477105806,-1.02997339567981
774,-2.59287710489514,-0.869774903716426
775,-2.2713911617859,-0.887321182894285
776,-2.47587385961378,-1.05377288315919
777,-2.26390646700438,-1.00317962039501
778,-2.44648063225715,-1.07216367121945
779,-2.59287710489514,-0.869774903716426
780,-2.59287710489514,-0.869774903716426
781,-2.26779477105806,-1.02997339567981
782,-2.26779477105806,-1.02997339567981
783,-2.26779477105806,-1.02997339567981
784,-2.41419124369604,-0.82758462817679
785,-2.47587385961378,-1.05377288315919
786,-2.59287710489514,-0.869774903716426
787,-2.26779477105806,-1.02997339567981
788,-2.36094656308357,-0.862461319223265
789,-2.59287710489514,-0.869774903716426
790,-2.16216099461324,-0.906163172341369
791,-2.4637653462964,-0.892914348396241
792,-2.26779477105806,-1.02997339567981
793,-2.41419124369604,-0.82758462817679
794,-2.450077022985,-0.929511458433921
795,-2.59287710489514,-0.869774903716426
796,-2.41419124369604,-0.82758462817679
797,-2.59287710489514,-0.869774903716426
798,-2.41419124369604,-0.82758462817679
799,-2.59287710489514,-0.869774903716426
800,-2.44648063225715,-1.07216367121945
801,-2.47587385961378,-1.05377288315919
802,-2.26779477105806,-1.02997339567981
803,-2.41419124369604,-0.82758462817679
804,-2.59287710489514,-0.869774903716426
805,-2.41419124369604,-0.82758462817679
806,-1.02072434406108,-0.277000237768236
807,-1.46204074536171,1.40601953686574
808,-1.02072434406108,-0.277000237768236
809,-1.02072434406108,-0.277000237768236
810,-1.44744051327246,-1.95992508831793
811,-1.02072434406108,-0.277000237768236
812,-2.24991471691952,-1.43857530835647
813,-2.24991471691952,-1.43857530835647
814,-1.02072434406108,-0.277000237768236
815,-1.02072434406108,-0.277000237768236
816,-2.24991471691952,-1.43857530835647
817,-2.24991471691952,-1.43857530835647
818,-2.24991471691952,-1.43857530835647
819,-2.24991471691952,-1.43857530835647
820,-2.29954129983692,-1.08815779946135
821,-2.29954129983692,-1.08815779946135
822,-1.03174127108346,-0.607510280477007
823,-3.02914444393376,-1.00303898160077
824,-2.94623010909416,-1.42812056357085
825,-2.82477773208257,-0.95834063195103
826,-2.66462108177548,-1.13827682443652
827,-2.83919744433034,-1.42060761006233
828,-2.52184527690472,-1.08321340098696
829,-2.27371358138313,-0.631120660712069
830,-2.7428193221309,-1.10466807089581
831,-2.36755987006394,-0.711163866758165
832,-2.24299810764462,-1.40791468582167
833,-2.45864808359001,-1.46731501414921
834,-2.78009481738073,-1.5833848762378
835,-2.26482882755298,-1.88169363986474
836,-2.58597497147521,-1.07891713710747
837,-2.27954333340213,-0.817280241802093
838,-0.300796467469312,-1.27711817692274
839,-2.59857211831412,-0.899019923083801
840,-2.25423413415886,-0.832387705880319
841,-2.55785759320615,-1.29381926016816
842,0.106216136992997,-1.5805329634254
843,-1.24500889539256,-1.63442172583825
844,-1.21622724692555,-1.68177206906075
845,-1.21377373823017,-1.56477574354119
846,-0.970848758865053,-0.96324925967673
847,-0.87953676388632,-0.83431561099795
848,-0.925575584396498,-0.904735170495013
849,-0.925575584396498,-0.904735170495013
850,-0.925575584396498,-0.904735170495013
851,-1.55037198433754,-2.68366466649718
852,-1.64942109110338,-2.90825379468088
853,-1.7374821611504,-2.64961150258644
854,-2.32046677898585,-2.84748101996327
855,-1.99636996537533,-3.20624613398661
856,-2.23881213155615,-3.03085560782653
857,-2.23128776656085,-3.12740384726656
858,-2.00788631077921,-2.61679532720592
859,-1.93050816422038,-2.36645200601384
860,-2.25635310935272,-3.18809474029526
861,-2.06288169269957,-2.30871420794565
862,-0.970848758865053,-0.96324925967673
863,-0.840688506256004,-0.885314011557745
864,-0.925575584396498,-0.904735170495013
865,-0.881251105580424,-0.766315592468061
866,-0.970848758865053,-0.96324925967673
867,-1.89028905459631,-2.88736312661059
868,-2.28957894518466,-2.3871146800915
869,-2.09355205336693,-2.23774577965953
870,-2.55857046199947,-2.73442655573944
871,-1.9924644595613,-2.90264947645326
872,-2.04392660852435,-3.34419017466514
873,-1.80185766131155,-2.82393437897361
874,-1.83561629073217,-2.33313397407426
875,-1.98576466468587,-2.31213239203282
876,-1.71479393492735,-2.34604187045684
877,-2.23128776656085,-3.12740384726656
878,-2.10909823699733,-2.95841642177146
879,-1.80185766131155,-2.82393437897361
880,-1.73387852986564,-2.82385565616921
881,-1.88652277331537,-2.21632412446722
882,-2.02357699602572,-3.0969520953189
883,-1.81519379006292,-2.93263213884325
884,-1.87210812692745,-2.91646689212265
885,-1.57443745852332,-2.63870837009728
886,-1.84515094233934,-2.29340296997079
887,-1.95262751458324,-3.1845332539047
888,-1.812769192362,-2.88289082722838
889,-1.95768230553781,-2.58859833190383
890,-2.22764277666202,-2.88840692616837
891,-2.23044634639405,-2.9799962496574
892,-2.05546706618294,-2.36887073449561
893,-1.57443745852332,-2.63870837009728
894,-1.38435781583715,-2.48676796777172
895,-1.88968622215183,-2.79843136158305
896,-1.94159605936101,-3.0034322819588
897,-2.41142692782437,-2.69458726053166
898,-2.07944958080924,-3.23087146656151
899,-1.87461781843932,-2.36749910978558
900,-2.23886531559226,-3.12060095495351
901,-1.90862500827288,-2.51923948928962
902,-2.08903911910618,-2.5045913487738
903,-1.60701919764505,-2.91346816614136
904,-2.10074117949132,-2.55409666371165
905,-1.54195129184063,-2.73413275372933
906,-2.20969892352187,-2.76588967603161
907,-1.57365806968835,-2.65456885674088
908,-2.23053538624986,-3.14271471308589
909,-2.0057571542969,-2.53218194079421
910,-1.84515094233934,-2.29340296997079
911,-1.857896431379,-2.64062258214889
912,-2.02324609979197,-2.83202620320469
913,-2.01355264008293,-2.6224947982294
914,-1.87827829578584,-3.09969882673399
915,-2.0057571542969,-2.53218194079421
916,-2.04458512709272,-2.51417266727349
917,-1.74077005524635,-2.9240445038647
918,-2.01390590296758,-3.20952700015485
919,-2.29766630958892,-2.73997551417966
920,-1.90133003189095,-2.60006116747839
921,-2.01772719800081,-2.50278338443674
922,-2.10909823699733,-2.95841642177146
923,-1.83865454281805,-2.93219009810699
924,-1.58296680747489,-2.56683637954913
925,-2.01139962648289,-3.20477377614784
926,-1.86043559572869,-2.70040079243444
927,-2.08962453908963,-2.43071388793491
928,-1.65153575840895,-3.19394058297929
929,-1.56934252531892,-2.68674822375599
930,-2.41711421326068,-2.92282559484223
931,-1.99041460833812,-2.32464411123205
932,-1.80583544961714,-2.27143623641109
933,-1.64945974329099,-2.75897640421548
934,-1.69272676208194,-2.59978717762066
935,-1.91389907831056,-2.54817442738144
936,-2.04551262283985,-2.4529858208515
937,-2.0057571542969,-2.53218194079421
938,-1.80644511353045,-2.91164563038063
939,-2.18587417961522,-3.04685874902484
940,-1.82479495564059,-2.94792768026218
941,-1.99092868264574,-2.73722676929342
942,-2.23128776656085,-3.12740384726656
943,-1.89110020956972,-2.3689447475678
944,-1.57443745852332,-2.63870837009728
945,-1.87664033565236,-3.16466914146799
946,-2.27376019021311,-2.3010357819498
947,-2.13974372357628,-2.27634738087777
948,-1.68995507118591,-2.53859736317651
949,-1.7543768927941,-2.36193113177049
950,-2.16283807603071,-2.93047199755642
951,-2.08451032326413,-2.48575454976969
952,-1.87664033565236,-3.16466914146799
953,-1.82692044004687,-2.35249917023262
954,-2.11409012143058,-2.32005415697694
955,-1.87664033565236,-3.16466914146799
956,-1.87827829578584,-3.09969882673399
957,-1.57443745852332,-2.63870837009728
958,-1.91734369755688,-2.59249781323178
959,-2.23128776656085,-3.12740384726656
960,-1.75692842588603,-2.70446470115353
961,-1.57443745852332,-2.63870837009728
962,-2.01965284352842,-2.63030580407461
963,-1.52558393692043,-2.67161942780168
964,-2.05216101253924,-2.55245996266494
965,-2.08651293573548,-3.22667148067801
966,-1.77511709262184,-2.90161392052381
967,-1.80854145249004,-2.97989513434339
968,-2.05779665862779,-2.43883344190444
969,-2.37651453662947,-2.79761116478272
970,-2.04201478620648,-2.80404478976709
971,-1.87210812692745,-2.91646689212265
972,-1.90862500827288,-2.51923948928962
973,-2.02158257964518,-2.65304421282483
974,-1.77511709262184,-2.90161392052381
975,-2.01299851183534,-2.53903224068896
976,-2.25098994681097,-3.12960581703046
977,-1.9025629768594,-2.37489853918487
978,-2.02853959581449,-2.92769683454985
979,-1.94004399389919,-2.53210584208329
980,-2.23128776656085,-3.12740384726656
981,-1.99057090104668,-2.52796372797575
982,-2.2117625296141,-2.88192174513254
983,-1.64971543410722,-2.63885157101831
984,-2.1448313587709,-2.56529268469198
985,-1.55037198433754,-2.68366466649718
986,-2.07944958080924,-3.23087146656151
987,-1.90546332608898,-2.83344219216203
988,-2.13860020897552,-2.90484058594076
989,-1.94106684737395,-2.56080690595302
990,-1.84515094233934,-2.29340296997079
991,-1.84515094233934,-2.29340296997079
992,-1.87001249330828,-2.63996557759113
993,-1.78524801315241,-3.07638904826659
994,-1.81973303962672,-2.25775424426376
995,-1.57639857097574,-2.48562918090558
996,-1.88416847962797,-3.17179074036847
997,-1.95972578555169,-2.56339770574306
998,-2.0617575237945,-2.66907767411644
999,-2.02662025424356,-3.19219260082664
1000,-2.13946541621965,-2.76252723442129
1001,-2.13860020897552,-2.90484058594076
1002,-2.23881213155615,-3.03085560782653
1003,-1.9041494883604,-2.52897789425435
1004,-1.46351185621773,-2.59411680998717
1005,-2.07559003687251,-2.41733867184067
1006,-1.80185766131155,-2.82393437897361
1007,-1.98137949632674,-2.35738886854974
1008,-2.06450977901315,-2.55518790509132
1009,-1.57365806968835,-2.65456885674088
1010,-1.64760590320915,-2.78429414002885
1011,-2.23722735545879,-3.18557126968751
1012,-1.9837539391295,-2.63190111853327
1013,-2.11696509478935,-2.60874974819764
1014,-2.02860543152371,-2.3453642129266
1015,-2.07517505599199,-2.80718125435607
1016,-0.908133444165432,-0.884943505926316
1017,-0.810278625194219,-0.893732562702741
1018,-0.908133444165432,-0.884943505926316
1019,-0.975929508919417,-0.963753515298832
1020,-0.908133444165432,-0.884943505926316
1021,-2.32089783169896,-2.69657710923916
1022,-2.0057571542969,-2.53218194079421
1023,-2.07944958080924,-3.23087146656151
1024,-2.25112846714968,-2.97563303302631
1025,-2.01850670622639,-2.66454310815423
1026,-2.25098994681097,-3.12960581703046
1027,-1.83490118462742,-3.20519931761917
1028,-2.25635310935272,-3.18809474029526
1029,-2.21573521781631,-2.97891884953802
1030,-1.68997793969629,-2.98825680268769
1031,-1.88197488364302,-2.80127583855431
1032,-1.93793533513353,-2.90325466501925
1033,-1.83997409716513,-2.48430605094555
1034,-1.94626000255818,-3.20944866324656
1035,-1.58191711183211,-3.02773625337174
1036,-1.80185766131155,-2.82393437897361
1037,-2.38946559740345,-2.84756092360973
1038,-2.28765192051132,-3.05096791477576
1039,-1.48829990363483,-2.60616204868267
1040,-1.57443745852332,-2.63870837009728
1041,-2.19069330189336,-3.10237838367082
1042,-1.55037198433754,-2.68366466649718
1043,-1.96161530877042,-3.04438919397986
1044,-2.20610934959395,-2.70338176322166
1045,-2.26825808729128,-2.67824614709241
1046,-2.23881213155615,-3.03085560782653
1047,-1.87664033565236,-3.16466914146799
1048,-1.59904162249044,-2.26378248261372
1049,-2.25635310935272,-3.18809474029526
1050,-1.48829990363483,-2.60616204868267
1051,-1.7513301715569,-2.81885041278179
1052,-2.32867695417034,-2.79827463491192
1053,-1.96716943177777,-3.16267929276048
1054,-2.44135130077497,-2.82930476658977
1055,-0.970848758865053,-0.96324925967673
1056,-0.881251105580424,-0.766315592468061
1057,-0.970848758865053,-0.96324925967673
1058,-2.0928065343437,-3.20554233089487
1059,-2.15922789571404,-3.10493285584212
1060,-2.0106203629485,-2.90584578785326
1061,-1.85551586956566,-2.46192124669135
1062,-1.57443745852332,-2.63870837009728
1063,-2.01901835692455,-2.55604880972371
1064,-2.00873206416626,-3.13342703522388
1065,-1.93329017348176,-2.5197888429853
1066,-2.0106203629485,-2.90584578785326
1067,-2.23128776656085,-3.12740384726656
1068,-1.94596616823505,-2.57599729306427
1069,-1.88968766586908,-3.22044889607276
1070,-2.26357663459937,-2.84887669037965
1071,-1.93778547000907,-2.54621083694246
1072,-1.84515094233934,-2.29340296997079
1073,-1.80578343650076,-2.78949779418757
1074,-1.82471471480456,-2.71188511198298
1075,-2.0057571542969,-2.53218194079421
1076,-2.29954129983692,-1.08815779946135
1077,-0.42793347722829,-0.598616076945133
1078,-1.10209694417006,-0.108465333928944
1079,-0.704537231635631,-0.676093691643047
1080,0.177466440036768,-0.439439989907968
1081,-0.915620566333059,-0.6044972633005
1082,-0.0790128578314004,-0.481600504483636
1083,-0.35449212493029,-0.57774525868084
1084,-0.0383323486365418,0.0619283401355243
1085,-0.448737136985743,-0.816421419756153
1086,-0.757282070708852,0.205029276380768
1087,-0.697806919840995,-0.196825769106758
1088,-0.310679209046362,-0.442792553032892
1089,-0.669800805644121,-0.349653992494161
1090,-1.09932102868081,-0.102831528051283
1091,-0.375867723085839,-0.277070273217629
1092,-0.280633172815357,-0.486090993098075
1093,-1.166227915721,-0.317967463223323
1094,-1.05997139347677,-0.061685378292818
1095,-1.05997139347677,-0.061685378292818
1096,-0.45863483273902,-0.624822344206496
1097,-1.12911511509817,-0.0875744318508378
1098,-0.028176950824326,-0.6294479817715
1099,-0.17534029443678,-0.725859076828577
1100,-0.149930976678201,-0.604834681628882
1101,-1.16920948039243,-0.288609311123556
1102,-0.295099704586475,-0.576907067276007
1103,-1.09932102868081,-0.102831528051283
1104,-0.609321199276852,-0.228075019476604
1105,-0.460474984923847,-0.267150534203834
1106,-0.308842070971026,-0.509692994619676
1107,-1.23664884227487,-0.655993013805794
1108,-1.09932102868081,-0.102831528051283
1109,-1.49432658028869,-1.53992263191805
1110,-0.280633172815357,-0.486090993098075
1111,-0.425769085090975,-0.53569125155554
1112,-0.328054899283906,-0.536034652238056
1113,-1.93185816341315,-0.641042528785307
1114,-1.09932102868081,-0.102831528051283
1115,-0.378105111451529,-0.536306863790484
1116,-3.04493947746845,-1.46355862102419
1117,-2.39974397500803,-0.691040276744104
1118,-3.37690729309863,-0.701809090169166
1119,-2.86942771235399,-1.037338554626
1120,-2.64100900103572,-1.25748176474692
1121,-2.99258697874598,-1.63733642312811
1122,-2.60881474471649,-1.74924408313132
1123,-2.79782822945131,-1.31855725541387
1124,-3.21391580989353,-1.56475978929602
1125,-3.57441006622951,-1.00569147986237
1126,-2.79632448531779,-1.29302496924672
1127,-2.66422002898427,-1.14345357102248
1128,-2.2135560142937,-0.96158419735283
1129,-2.66422002898427,-1.14345357102248
1130,-2.92019134924935,-1.21379616129161
1131,-2.17163098301904,-1.04488981132839
1132,-2.68109238769798,-1.27799010146082
1133,-2.45112231616218,-0.60129828982912
1134,-2.8674379865577,-1.23413226657352
1135,-3.01210349905187,-1.01411722978557
1136,-2.97166016892616,-1.45396813861763
1137,-2.44104301602437,-0.616152656726672
1138,0.582451846205151,-1.510340997747
1139,-2.58292741725961,-1.12627031842056
1140,-2.27954333340213,-0.817280241802093
1141,0.764099065169485,-1.40831914201764
1142,0.655887242295321,-1.22145997054427
1143,-1.1501710420771,-0.909003707687641
1144,-0.382611263038165,-0.31315573143493
1145,-0.674683017516902,-0.155340034843906
1146,-0.881213467584117,-0.184131552399422
1147,-0.375867723085839,-0.277070273217629
1148,-1.166227915721,-0.317967463223323
1149,-0.470642380580103,-0.472715728367598
1150,-0.425620830137645,-0.511653468791933
1151,-0.775158550588859,0.0236011438623957
1152,-0.574036374748829,-0.0184402373537634
1153,-1.09932102868081,-0.102831528051283
1154,-0.313257748317334,-0.487972694026213
1155,-0.245738310176567,-0.736256083064696
1156,-0.498594536972304,-0.102260683169455
1157,-0.335919258168086,-0.506232982438062
1158,-1.09842920133051,-0.138206200763596
1159,-0.0849039687478785,-0.778706326036764
1160,0.193662761505719,-0.554604154348396
1161,0.115814157978828,-0.345425800754614
1162,-0.276528352401896,-0.441958117480442
1163,-0.821621345816885,0.155831615929493
1164,-0.0649057721691398,-0.00040830882387545
1165,0.159440874839278,-0.790381953269754
1166,0.0735501169513741,-0.310266064121856
1167,0.174185232902048,-0.432421194217643
1168,-0.268071807866405,-0.508700494449032
1169,-0.847984756008078,-0.295186323159279
1170,-1.93185816341315,-0.641042528785307
1171,-0.328054899283906,-0.536034652238056
1172,-0.263503406005066,-0.153182031293909
1173,-0.538802634455425,-0.678822148251819
1174,0.248620574719448,-0.728800326968149
1175,0.358236118514542,-0.623263857188208
1176,0.248620574719448,-0.728800326968149
1177,-0.154476679402239,-0.69242772464685
1178,-0.125545055169245,-0.844467559800791
1179,-0.465941909155197,-0.238115128467464
1180,-1.12911511509817,-0.0875744318508378
1181,-0.328054899283906,-0.536034652238056
1182,-0.514602607456701,-0.48714563855423
1183,-0.0365036823083618,0.139513440653439
1184,-0.206488176301802,-0.830378618111484
1185,-0.149930976678201,-0.604834681628882
1186,-0.718825789852247,0.384386898727883
1187,-1.93185816341315,-0.641042528785307
1188,-0.50778248061331,-0.51050603220558
1189,-0.148941200477364,-0.509103279641429
1190,-1.09932102868081,-0.102831528051283
1191,-1.12702537777704,-0.0815579112382912
1192,-0.313257748317334,-0.487972694026213
1193,-1.09842920133051,-0.138206200763596
1194,-0.215121424059225,-0.505358124482842
1195,-0.511925030488129,-0.25375797671868
1196,-1.09932102868081,-0.102831528051283
1197,0.150230778690294,-0.218591065941512
1198,0.00759114819633111,-0.285790492580118
1199,-0.430647384113243,-0.0179399125537157
1200,-0.30806187442746,-0.183983668718266
1201,0.248620574719448,-0.728800326968149
1202,-0.19696910293356,-0.289220569478918
1203,0.386648905882376,-0.52630865872875
1204,-0.0866497256290268,-0.731353628108504
1205,-0.730390280634533,0.0374660494706049
1206,-0.11890684811285,-0.224195833436678
1207,-0.689085510137345,-0.351286853974945
1208,-0.435177914469366,-0.182947161267707
1209,-0.286852670565655,-0.57403379195224
1210,-0.106491175177566,-0.266317979752964
1211,-0.381530345537711,-0.778832183330332
1212,-0.144499716751873,-0.302318561222302
1213,-0.509099365865632,-0.249899151499418
1214,-0.384408623870271,-0.527501415213207
1215,-0.210105317717522,-0.588033773710831
1216,-0.831714429988873,-0.184483098168325
1217,-0.281681741542826,2.26957413403892
1218,-0.241474252788579,1.98375205948625
1219,-0.0724377388604325,3.25965614180812
1220,0.0223299652410895,1.74125402195491
1221,-0.0377827735004961,3.12663874446695
1222,-0.249390911270138,0.947599413527419
1223,0.0292738796153051,3.36085772450648
1224,-0.823602405265919,2.08724448079805
1225,-1.30172960513613,0.428672819178954
1226,-0.110863796516619,2.78030233747928
1227,0.255149370757645,3.0719841806521
1228,0.35087040581449,3.05750709615751
1229,-0.508844387719764,2.58555735609784
1230,-0.201215639756864,2.89786275844964
1231,0.136219523117621,2.09736877605186
1232,0.110048345431725,3.00305758650077
1233,0.0267463052906133,3.00897464835247
1234,-0.142656450963547,2.76243043361856
1235,-0.508844387719764,2.58555735609784
1236,-0.16287899568785,2.33616719589465
1237,-0.670744503748744,1.8651717164262
1238,-0.163767616924927,3.11901185508185
1239,-0.359820886120986,2.66081019050655
1240,-0.152057799541164,2.56492697026984
1241,-0.11394510827754,3.2478994696379
1242,-0.335641771216736,2.54950725751925
1243,-1.00444651353753,2.63490816540999
1244,-1.31724334849733,2.10599336885465
1245,-0.512999071795685,1.75792400053007
1246,0.0865505927308947,2.64519464668603
1247,-0.105124019825103,2.87704522707368
1248,-0.968489714850252,2.24005907748602
1249,-0.0434401384685267,2.49785011617121
1250,0.0154728522416505,3.06397604529929
1251,-0.482368191055784,2.5145012481559
1252,-0.108960859077377,2.74246518936326
1253,-0.309992551745571,2.06691737305102
1254,0.117569782698898,2.51100823351536
1255,-0.0724377388604325,3.25965614180812
1256,-0.635308062613487,2.50494152213832
1257,-0.0724377388604325,3.25965614180812
1258,0.255751505348148,3.08895059613929
1259,-0.512999071795685,1.75792400053007
1260,-1.02059721236461,2.39130949867447
1261,-0.199353389140202,2.38814315327675
1262,-0.10194686744163,3.2585097257731
1263,0.580399503710912,2.09167954717974
1264,0.0124932889869864,2.83930021743359
1265,0.138778275372472,3.0071433337838
1266,-0.883326147283479,2.01593753655834
1267,0.00775207041751688,2.71081173464945
1268,0.0534505920288446,2.56535553968484
1269,-0.201215639756864,2.89786275844964
1270,0.195220054443086,2.93997120478782
1271,-0.0443509660587435,3.20319081220797
1272,-0.107483386186917,3.19361694592356
1273,0.215674109100035,3.19266895269561
1274,0.503006233819362,3.24697025247302
1275,0.0154728522416505,3.06397604529929
1276,-0.0818052985685737,2.49103584191019
1277,-0.268240142085805,3.06370835218818
1278,0.109655464900508,1.26070687142489
1279,-0.869178730763872,2.34390412211452
1280,0.101725649574196,1.31244462919505
1281,-0.80332798181145,2.10237764132728
1282,-0.196372601700407,2.23388736109081
1283,-0.550593844266556,0.212055535045976
1284,-0.180049814831433,2.19379842060334
1285,-2.14304342970368,-2.09990520007989
1286,-2.03845570418181,-2.32202270646354
1287,-0.376484898017833,-0.841472006734266
1288,-1.03645731866393,-0.916807529176204
1289,-0.419817524457415,-1.24287991438024
1290,-0.616404874823354,1.32781270079233
1291,0.41186286593512,2.97047695984741
1292,-0.161619123762836,3.03379105263855
1293,-0.10194686744163,3.2585097257731
1294,0.515707360398923,3.52426004145872
1295,-2.07136456715197,-2.09454186464804
1296,0.177693026639774,2.69688120615427
1297,-0.0234103176530249,2.71169945580222
1298,0.0639695334647187,2.91118760963312
1299,-0.0184003805329009,2.66885150293608
1300,0.0906036463862044,3.2036319483466
1301,-0.122594865568215,2.95358656378647
1302,0.0547500888167426,3.09673332339927
1303,0.408591487233787,2.82393854253237
1304,-0.229629100053421,2.37746114266521
1305,0.195220054443086,2.93997120478782
1306,-0.639493444399543,2.07687068423047
1307,0.124298206954864,3.02971425998923
1308,-0.747369843969117,2.29949131436532
1309,0.312310484550267,2.5713625957461
1310,-0.180049814831433,2.19379842060334
1311,-0.00507372948365128,3.23594809030795
1312,0.00775207041751688,2.71081173464945
1313,0.0317048982506778,3.10419963106369
1314,-0.468494952394945,0.278862298481403
1315,0.320963571437669,1.24598844240856
1316,-0.774287014680794,1.93973512931185
1317,-0.886279316285923,1.66236766312102
1318,-0.171920875403154,2.66501574387529
1319,-0.512999071795685,1.75792400053007
1320,-0.0770057647205528,2.80843487341716
1321,-0.187736040919455,2.53604806457464
1322,-0.149274289239736,2.6057049731893
1323,-0.163767616924927,3.11901185508185
1324,-0.120676517731763,2.66621876212917
1325,-1.06669180429057,2.37011406090497
1326,0.0291736274336069,2.56081441300636
1327,-1.12791084060607,0.124585579969935
1328,-0.0999001832846802,0.422263387327094
1329,-2.17401959081639,-2.07339333246984
1330,-1.00080059481874,2.24928382331326
1331,0.503006233819362,3.24697025247302
1332,0.0154728522416505,3.06397604529929
1333,-0.10194686744163,3.2585097257731
1334,-0.351734530772183,2.34608583643641
1335,0.437109595872776,3.42612360981047
1336,-0.118057630777939,0.113968853398648
1337,-0.232456008151691,2.29005680989034
1338,0.0317048982506778,3.10419963106369
1339,-0.0823120203153682,2.66511951484473
1340,-0.229321932089126,2.62345169723448
1341,0.00775207041751688,2.71081173464945
1342,-0.744179441407376,2.51689290146827
1343,0.603743741355743,2.54028168130464
1344,0.114337395689107,2.59066060682863
1345,-0.46531588941001,2.58359571078667
1346,0.47643012382383,3.49150276335873
1347,0.47643012382383,3.49150276335873
1348,-0.153242989798943,2.6549217777564
1349,-0.0823120203153682,2.66511951484473
1350,-0.0224218940655592,3.28172067861395
1351,-0.118163645483177,2.49331632964194
1352,-0.826888788087063,1.71846011269521
1353,-0.0469983553394408,2.48155713569775
1354,-1.33276679332603,-0.42879856562759
1355,-2.36047141579453,-1.36014930274381
1356,-0.998141565902015,-0.054467597411294
1357,-1.65677945923549,-1.08402986348735
1358,0.487047975287794,-0.378177893517232
1359,-1.61749337192411,-0.814123664135775
1360,0.347071614748251,-3.06491467091388
1361,0.120702988984457,0.860447315520588
1362,-0.268328314153918,1.33597081828409
1363,-1.83296906835592,1.73878853865035
1364,-1.38414291586766,2.46026750811227
1365,-1.4221243731364,2.2706998456249
1366,-2.40756424950512,0.0144556135073493
1367,-1.41585321056755,-2.67645676221988
1368,-1.00017149538939,-1.07819224624317
1369,-1.00017149538939,-1.07819224624317
1370,-1.49863384335375,0.385787131178243
1371,-2.16176253705716,1.20631139335412
1372,-1.88238149762009,2.15806895211072
1373,-0.259019222634099,0.691417421446792
1374,-0.371726439827914,1.28207018017627
1375,-1.75525902376488,0.783601677592329
1376,-1.14987515327991,0.369841612706032
1377,0.491006915108394,1.15657380696416
1378,-0.438963558920141,0.376039768170944
1379,0.502682517828314,0.493827400411289
1380,-0.998365914012462,0.797095504168432
1381,-0.743654803715724,0.253131104325999
1382,-0.946665463446297,1.20848584014552
1383,-1.27789057706625,1.62260847300158
1384,-0.779544194572136,1.74484621983557
1385,-0.943991602476562,0.473884982248442
1386,-0.390707957560195,0.545040464172694
1387,-1.65210487936556,1.94737849898309
1388,-2.23325520121362,0.770944344531348
1389,-0.408894738480154,0.801661516824992
1390,-1.61366943080085,2.02482764781272
1391,-0.0238796665898985,0.510728283071904
1392,-1.02722330469756,1.02366513786534
1393,-0.56124622045922,2.10847555865239
1394,-0.641268072800809,2.24775956445637
1395,-0.641268072800809,2.24775956445637
1396,-0.681346211569847,2.35029873529884
1397,-0.531788010003039,2.20196153917296
1398,-0.711162703204832,2.43649013698386
1399,-0.513900345302903,1.60232304580959
1400,-0.541627942117684,2.3349611318254
1401,-0.541627942117684,2.3349611318254
1402,-0.642999800200024,1.8353305611987
1403,-0.541627942117684,2.3349611318254
1404,-0.541732955873685,0.982717727242758
1405,-0.719961115174458,2.37541775988212
1406,-0.700762051627622,2.24592584584847
1407,-0.098331745764082,0.900123985153797
1408,0.215674109100035,3.19266895269561
1409,-0.409558990878326,-1.20434261571555
1410,-0.366574322177428,-1.18129295191805
1411,-0.309739452356247,-1.06413094625716
1412,-0.254139275318498,-1.09532435392266
1413,-0.2552685174583,-1.05053253284325
1414,-0.30922950127588,-1.0514833023898
1415,-0.342502777264407,-1.0140378733276
1416,-0.350476316067219,-1.01818595909066
1417,-0.395811672883397,-1.0953981739453
1418,-0.252405350378249,-0.870300797334606
1419,-0.416407941637966,-0.96249422061325
1420,-0.308411759780861,-0.955211524275069
1421,-0.30627583295058,-0.92921589251646
1422,-0.320234875352423,-0.878878794250545
1423,-0.288146054421236,-0.813393921877141
1424,-0.271014838517519,-0.732353576813639
1425,-0.293494702749891,-0.781337644970729
1426,-0.354418868544564,-0.792714542211185
1427,-0.308610210216445,-1.10892276733657
1428,-0.427755409127318,-1.07538417222606
1429,0.0865505927308947,2.64519464668603
1430,-0.243671678867922,2.20277272990581
1431,0.00775207041751688,2.71081173464945
1432,-0.0724377388604325,3.25965614180812
1433,-0.000140118030536124,2.65975477368175
1434,0.0639695334647187,2.91118760963312
1435,-0.43196546056236,2.83991890339762
1436,-0.104759748274691,2.41818962332274
1437,-0.0208438308810708,2.91610536247924
1438,-0.0749749270870763,2.94782115713382
1439,0.0317048982506778,3.10419963106369
1440,0.0262151665015821,2.53012975725305
1441,-0.324105258903305,2.70629543016368
1442,-0.223767418518247,2.60299985575541
1443,-0.264427196382912,2.57732997760259
1444,0.00775207041751688,2.71081173464945
1445,0.047078180222303,2.69106660397684
1446,0.0865505927308947,2.64519464668603
1447,0.107139720064256,2.70481995197937
1448,0.195220054443086,2.93997120478782
1449,0.00775207041751688,2.71081173464945
1450,0.545395293833819,3.75422740466826
1451,0.199146071852646,3.26698164907662
1452,-0.522043373062559,2.11378282218356
1453,0.255751505348148,3.08895059613929
1454,-0.414427477655531,2.29163784459897
1455,0.0639695334647187,2.91118760963312
1456,0.0547500888167426,3.09673332339927
1457,-0.120080834782119,2.51937346768357
1458,-0.000314940730237689,3.18273401233751
1459,-0.229629100053421,2.37746114266521
1460,-0.00283074801275068,2.98741495373173
1461,-0.11394510827754,3.2478994696379
1462,0.0466359533946968,2.49933929346773
1463,-0.219436684681235,2.95430977130834
1464,-0.120038757307231,2.7607371240917
1465,0.503006233819362,3.24697025247302
1466,0.0291736274336069,2.56081441300636
1467,0.273036796230431,3.14363985111386
1468,-0.0205035650954609,2.45144842888425
1469,0.178662879549707,2.93221173411692
1470,0.0398594392312558,2.97311838312739
1471,0.0994764690223646,2.70643715103217
1472,0.126851669544408,2.60923541635551
1473,0.0639695334647187,2.91118760963312
1474,-0.196372601700407,2.23388736109081
1475,-0.0120954020923559,2.79102523144073
1476,-1.33230448869669,2.70941331401322
1477,0.195220054443086,2.93997120478782
1478,-0.294587599416111,4.69497292707261
1479,-1.2226772962477,2.27485801156702
1480,-0.0414406368844024,2.62703937929833
1481,-0.768115083595518,3.46757677889427
1482,0.475891285688793,2.21690160867521
1483,-0.166648551690431,2.48029935074677
1484,0.585301502617719,3.47955138402878
1485,-0.236399274818914,2.46555613244266
1486,-0.111382671420213,2.42114344887121
1487,0.026529484096722,2.68055233773163
1488,-0.304951533452406,2.13528107718798
1489,0.047099125914301,2.65324003360191
1490,0.195244998610641,2.6727884270278
1491,0.0827266143736209,2.68981565705545
1492,-0.0237341354892486,2.64992420163439
1493,-0.165942194712007,2.49517634340964
1494,0.00775207041751688,2.71081173464945
1495,0.0317048982506778,3.10419963106369
1496,-0.0425913225128514,3.24109876277152
1497,-0.10194686744163,3.2585097257731
1498,0.894347662012883,0.923372330893629
1499,-0.471937186392942,1.62304539414838
1500,0.130053928980886,2.57181554250386
1501,-1.03354708431537,1.67351204584482
1502,0.116623449211406,2.69886035531949
1503,0.0547500888167426,3.09673332339927
1504,0.526792608896455,3.35338040992767
1505,-0.293947391056253,2.73577342582716
1506,-0.811440767829981,1.38432524041742
1507,-1.16160002610047,1.73194054527126
1508,-0.521150341060408,2.02442303330382
1509,0.47643012382383,3.49150276335873
1510,0.138408058286799,2.83171089070311
1511,-0.989962322507077,0.747844347890455
1512,-0.550134785265549,0.481393654914206
1513,-1.15467768746847,0.30561958409616
1514,0.565400434489392,0.548326378128099
1515,0.0226475935123716,-0.193160304323733
1516,-0.265712451562794,-0.723955785417136
1517,-0.0391862963454497,-0.55262519902158
1518,-0.899917835417582,-0.0592646391790638
1519,-0.0697493347198959,-0.289775630655319
1520,-0.0885955665766013,0.952995445644065
1521,0.466949914978571,-0.26483646899744
1522,0.210033080839378,-0.98531907617069
1523,-0.229629100053421,2.37746114266521
1524,-0.0485521478556498,3.00765995466486
1525,-0.198036100173009,3.1174921335884
1526,0.199580210570357,3.14447313184899
1527,0.176551606231496,2.97384774900386
1528,0.0865505927308947,2.64519464668603
1529,-0.108960859077377,2.74246518936326
1530,-0.0716299617979252,3.18104379024318
1531,0.149909990520289,2.52808707396928
1532,-0.163767616924927,3.11901185508185
1533,-0.911828909503326,-0.358236974491804
1534,-1.55395708050409,0.31797584046732
1535,-0.375617810822722,2.68530167974454
1536,-0.630804355440739,3.49171351489007
1537,-2.65170523043581,2.0306451793333
1538,-0.150227726324075,3.08290735859493
1539,0.0391371185445553,2.69251205178173
1540,-0.0120954020923559,2.79102523144073
1541,0.0927203471657699,2.71620078661289
1542,-0.0804279567042359,2.77837521328664
1543,-1.03995888852124,2.07425084866941
1544,-0.315197797132291,2.53117322040608
1545,-0.180049814831433,2.19379842060334
1546,0.117569782698898,2.51100823351536
1547,0.347234141830305,3.03438388780107
1548,0.170314711057415,3.3320785216739
1549,-0.10194686744163,3.2585097257731
1550,-1.19869793420512,1.38558409203152
1551,-0.63490497897692,3.00781942105166
1552,0.0768351848097813,3.12098476958774
1553,0.337320892808238,3.25584730389196
1554,0.124298206954864,3.02971425998923
1555,-0.212630269035619,2.50371344162011
1556,0.195220054443086,2.93997120478782
1557,-0.0724377388604325,3.25965614180812
1558,-0.151237536140969,2.62193327433905
1559,-0.257121782755412,3.0690265772374
1560,-0.0223376386260908,2.83196320183822
1561,-1.72201504375481,3.27557384383248
1562,-1.12330638425094,1.08764391272134
1563,-0.157219213460025,0.593157256940796
1564,-0.910143166192217,-0.180446650360128
1565,0.209885545166287,0.909932587930083
1566,-0.0412694231399075,2.0002148905815
1567,-1.13874783935802,0.511535063777411
1568,-0.0368518294098119,2.29556723840975
1569,-0.552793239885071,2.09382468447448
1570,6.20809450630778,-0.190072429233103
1571,7.24918299224747,-1.29583940016765
1572,-0.458189848727044,2.02701667436628
1573,-2.44155694422809,0.846331539428348
1574,6.20809450630778,-0.190072429233103
1575,-0.173231476494451,2.22376077455021
1576,6.67351588538598,-2.28996712089314
1577,-0.547965448010623,2.62692821645028
1578,-0.808536036567845,2.45669201885081
1579,1.96186988304336,1.58543297743354
1580,-0.299267092638799,2.56778517744839
1581,5.59778599084307,-2.09801086894077
1582,7.24918299224747,-1.29583940016765
1583,7.24918299224747,-1.29583940016765
1584,-0.351325765241864,2.13048811019324
1585,7.24918299224747,-1.29583940016765
1586,-0.239012812767546,2.10991961657557
1587,6.20809450630778,-0.190072429233103
1588,7.24918299224747,-1.29583940016765
1589,-0.34221800437612,2.68244536139936
1590,-0.520728022507402,-0.739823102574801
1591,0.554730134114967,3.13576677386222
1592,-0.429338859040385,-0.739717269930482
1593,0.00659176622143914,2.42247549934984
1594,-0.0690713375136778,-0.375728171357581
1595,-0.0602223675860843,-0.190347360111801
1596,-0.456368370633737,-0.664389059216274
1597,0.0360243556630351,-0.192462883474519
1598,2.37129370376687,2.26625864465671
1599,-0.412404982866258,1.54893265573322
1600,7.24918299224747,-1.29583940016765
1601,7.24918299224747,-1.29583940016765
1602,-0.399753620305135,3.93527080995964
1603,2.33949173870624,0.53276076398929
1604,5.23531018500814,-1.47568093471173
1605,-0.749908691967013,1.91358306505157
1606,-0.505137592396013,1.92471661365726
1607,7.24918299224747,-1.29583940016765
1608,1.68869692882745,2.08008707466779
1609,2.37129370376687,2.26625864465671
1610,2.33949173870624,0.53276076398929
1611,6.20809450630778,-0.190072429233103
1612,5.32045904765456,-1.94333222646865
1613,7.24918299224747,-1.29583940016765
1614,3.79023182463097,2.41545365939644
1615,3.79023182463097,2.41545365939644
1616,3.79023182463097,2.41545365939644
1617,3.79023182463097,2.41545365939644
1618,-1.08321189085833,2.05426903852158
1619,0.151711210130798,-0.481443822064167
1620,0.588471145794103,0.37924908392239
1621,4.91587139116302,-1.48537098224957
1622,-0.702342345327971,0.75628785540834
1623,7.24918299224747,-1.29583940016765
1624,0.586949928673194,2.61056497158545
1625,-0.399753620305135,3.93527080995964
1626,-0.399753620305135,3.93527080995964
1627,-0.163319527056374,2.53550678048189
1628,5.66659836819126,-0.890973944635181
1629,0.384044689323851,2.47126261159217
1630,6.20809450630778,-0.190072429233103
1631,7.24918299224747,-1.29583940016765
1632,7.24918299224747,-1.29583940016765
1633,7.24918299224747,-1.29583940016765
1634,5.66659836819126,-0.890973944635181
1635,-0.478836412426171,2.12780549122214
1636,3.79023182463097,2.41545365939644
1637,3.79023182463097,2.41545365939644
1638,-1.78827926799447,1.68240916271288
1639,7.24918299224747,-1.29583940016765
1640,5.66659836819126,-0.890973944635181
1641,5.66659836819126,-0.890973944635181
1642,3.79023182463097,2.41545365939644
1643,3.79023182463097,2.41545365939644
1644,6.03565960471337,-1.06226880385967
1645,-0.399753620305135,3.93527080995964
1646,6.2353386892915,-1.61138333857203
1647,7.24918299224747,-1.29583940016765
1648,6.20809450630778,-0.190072429233103
1649,6.07939715395567,-1.40676329940588
1650,-0.399753620305135,3.93527080995964
1651,-0.882257564656473,1.97275335146489
1652,7.24918299224747,-1.29583940016765
1653,-0.505137592396013,1.92471661365726
1654,5.66659836819126,-0.890973944635181
1655,7.24918299224747,-1.29583940016765
1656,3.79023182463097,2.41545365939644
1657,6.03565960471337,-1.06226880385967
1658,6.20809450630778,-0.190072429233103
1659,3.79023182463097,2.41545365939644
1660,0.384044689323851,2.47126261159217
1661,4.99469546852447,-1.98992655199322
1662,6.47943309023253,-1.38765110841104
1663,2.37129370376687,2.26625864465671
1664,1.68869692882745,2.08008707466779
1665,2.73373999986722,1.65010014474776
1666,7.24918299224747,-1.29583940016765
1667,6.20809450630778,-0.190072429233103
1668,7.24918299224747,-1.29583940016765
1669,-0.144931352599717,3.02218499753238
1670,7.24918299224747,-1.29583940016765
1671,-0.153720590877714,3.88087262459391
1672,7.24918299224747,-1.29583940016765
1673,0.079674747853288,3.32906274713375
1674,-0.0872897457083088,1.46063371926961
1675,-0.19622402867786,0.420574586320863
1676,0.121947907199567,1.62638919952309
1677,0.0885033707509577,2.99527120126281
1678,-0.0467727932547476,1.4247690859853
1679,0.384044689323851,2.47126261159217
1680,7.24918299224747,-1.29583940016765
1681,6.11881887352344,-0.998449098076931
1682,7.24918299224747,-1.29583940016765
1683,7.24918299224747,-1.29583940016765
1684,6.67351588538598,-2.28996712089314
1685,-0.72050306877093,1.8550714820407
1686,7.24918299224747,-1.29583940016765
1687,-0.709292045574136,2.21109902502553
1688,5.66659836819126,-0.890973944635181
1689,5.59778599084307,-2.09801086894077
1690,2.37129370376687,2.26625864465671
1691,-0.738986656558124,1.93206809234417
1692,-0.791385375436874,1.90901317892982
1693,7.24918299224747,-1.29583940016765
1694,-1.79849983650493,2.26218420267337
1695,0.750020786552665,2.25023796666158
1696,-0.343636414803897,2.33941213190607
1697,0.198233189940872,1.71583954352
1698,-0.639493444399543,2.07687068423047
1699,0.384044689323851,2.47126261159217
1700,-0.819689437365586,-0.0136922892962721
1701,7.24918299224747,-1.29583940016765
1702,0.384044689323851,2.47126261159217
1703,0.904610059451168,3.19247916042716
1704,7.24918299224747,-1.29583940016765
1705,-0.696609105570909,1.93060189854647
1706,5.66659836819126,-0.890973944635181
1707,7.24918299224747,-1.29583940016765
1708,-0.655220089670234,2.34084538779651
1709,7.24918299224747,-1.29583940016765
1710,0.198233189940872,1.71583954352
1711,7.24918299224747,-1.29583940016765
1712,1.97436652154476,2.63395641458568
1713,-0.997395626408124,1.98314489248478
1714,7.24918299224747,-1.29583940016765
1715,6.11881887352344,-0.998449098076931
1716,1.58123575366529,2.95048480146067
1717,-0.390367548710884,2.7389826668828
1718,7.24918299224747,-1.29583940016765
1719,-0.966603551338827,0.207808895736113
1720,0.496893503139061,2.43816028687312
1721,7.24918299224747,-1.29583940016765
1722,-0.927890617792539,0.0285088386054456
1723,0.283560462101946,2.68578850971377
1724,7.24918299224747,-1.29583940016765
1725,-0.828634201533404,-0.14985339079704
1726,7.24918299224747,-1.29583940016765
1727,-0.247266787927992,1.33921966679173
1728,1.97436652154476,2.63395641458568
1729,-1.33174566333515,2.46328490346888
1730,7.24918299224747,-1.29583940016765
1731,-0.420279252733981,3.17879363252225
1732,-0.785028866181406,0.35756170032564
1733,-0.778406360150557,-0.106451113526168
1734,7.24918299224747,-1.29583940016765
1735,7.24918299224747,-1.29583940016765
1736,1.97436652154476,2.63395641458568
1737,-0.865794146495429,2.39420175099814
1738,-0.0304219941131943,3.29242155240283
1739,7.24918299224747,-1.29583940016765
1740,-0.869178730763872,2.34390412211452
1741,-0.282253054844382,2.48240834410854
1742,7.24918299224747,-1.29583940016765
1743,6.01463696464861,-1.57059701950638
1744,-0.0960529041189635,2.42962134874749
1745,1.41195601517816,2.43148020466103
1746,-0.588584496235994,1.0071330271105
1747,-0.380613260489298,2.22458904649731
1748,-0.778406360150557,-0.106451113526168
1749,-1.87709760103107,2.16404777102513
1750,7.24918299224747,-1.29583940016765
1751,6.2353386892915,-1.61138333857203
1752,5.29608046806048,-1.23810797354622
1753,0.256307712384737,0.070897954353188
1754,6.11881887352344,-0.998449098076931
1755,-0.712548285482825,0.746633070321789
1756,-0.761209614399321,0.69417894273302
1757,0.0567572175270333,1.34615398771273
1758,-0.0468773304053536,1.26836718816062
1759,0.139356200765111,1.25187439497035
1760,-0.718840519994438,1.01979147846666
1761,-0.712548285482825,0.746633070321789
1762,7.24918299224747,-1.29583940016765
1763,0.0639600341925851,-0.0222100268804436
1764,-0.556831747444528,0.638239827092647
1765,2.27969137018812,2.3786542424592
1766,-0.738366680621112,0.842906052765767
1767,6.11881887352344,-0.998449098076931
1768,-0.842304979190758,-0.0170097253614128
1769,7.24918299224747,-1.29583940016765
1770,-1.58797315032947,0.427716557097249
1771,7.24918299224747,-1.29583940016765
1772,-0.841572292827271,1.31788078498425
1773,7.24918299224747,-1.29583940016765
1774,7.24918299224747,-1.29583940016765
1775,6.2353386892915,-1.61138333857203
1776,-1.00061615411442,2.28188695204268
1777,-1.48471308691052,1.28610704353173
1778,7.24918299224747,-1.29583940016765
1779,-0.866169324943416,-0.291288179382291
1780,5.54315176666196,-1.99257681880242
1781,-0.16287899568785,2.33616719589465
1782,2.00774356006166,3.12466915611936
1783,7.24918299224747,-1.29583940016765
1784,5.32045904765456,-1.94333222646865
1785,7.24918299224747,-1.29583940016765
1786,5.54315176666196,-1.99257681880242
1787,-0.56594808340672,-0.294767079329685
1788,-0.43225064743074,1.92297242614539
1789,-0.341731939422837,1.07863559486936
1790,-0.678124579927906,0.832421117364235
1791,0.186462391296511,0.918513218032299
1792,-1.18934033444541,1.99924668743591
1793,-0.399753620305135,3.93527080995964
1794,-0.512999071795685,1.75792400053007
1795,-0.572669256770506,2.27210367659674
1796,6.67351588538598,-2.28996712089314
1797,-0.875877252737846,1.92786447057082
1798,-0.0422556262720582,1.20859897576316
1799,7.24918299224747,-1.29583940016765
1800,-0.0442096493609198,1.17981812568284
1801,2.00774356006166,3.12466915611936
1802,-0.615027928243686,2.53744944792926
1803,7.24918299224747,-1.29583940016765
1804,-0.380613260489298,2.22458904649731
1805,-0.926833408594344,2.11367638304595
1806,-0.928276519077297,2.38388839250425
1807,7.24918299224747,-1.29583940016765
1808,-1.32060058762632,1.8275661101012
1809,-0.181797369197345,2.44578864828215
1810,-0.680459262345846,0.370716979428387
1811,2.00774356006166,3.12466915611936
1812,7.24918299224747,-1.29583940016765
1813,-0.539105071474584,1.91166174877489
1814,7.24918299224747,-1.29583940016765
1815,-0.0870601226878147,1.83654841571093
1816,-0.490146530908131,1.83420558684515
1817,-0.11348004389266,-0.196431071900442
1818,0.0889653771488464,1.39102517877302
1819,-0.149604425528822,2.4301981151559
1820,-1.15110511296812,1.72496252645644
1821,-0.0769960876520671,0.0136961524044981
1822,-0.295925576522441,2.27879661565106
1823,-3.59606941410361,-0.671243490733165
1824,-0.127433432193593,2.12746598464056
1825,-1.0448296401865,2.16560017609378
1826,-0.217418943822455,2.47321353870267
1827,-0.241474252788579,1.98375205948625
1828,0.155419851154589,0.258326143501339
1829,1.68869692882745,2.08008707466779
1830,-0.399753620305135,3.93527080995964
1831,-0.399753620305135,3.93527080995964
1832,7.24918299224747,-1.29583940016765
1833,1.57217180154126,2.24278481016584
1834,0.309610868594494,1.99819513291393
1835,-0.58964293953125,2.29133888113291
1836,-0.0620075850700887,1.80827827739213
1837,-0.479582018323018,1.55287614104436
1838,-0.429338859040385,-0.739717269930482
1839,-1.03995888852124,2.07425084866941
1840,-0.0690713375136778,-0.375728171357581
1841,0.207721221572656,2.48976740947148
1842,0.27135516013368,2.33601081904512
1843,-0.845206641628026,-0.0302237694275603
1844,0.384044689323851,2.47126261159217
1845,4.99469546852447,-1.98992655199322
1846,6.07939715395567,-1.40676329940588
1847,0.384044689323851,2.47126261159217
1848,-0.794871956569071,2.10275825697746
1849,0.384044689323851,2.47126261159217
1850,2.37129370376687,2.26625864465671
1851,-0.823974038396795,1.96989149697136
1852,5.59778599084307,-2.09801086894077
1853,7.24918299224747,-1.29583940016765
1854,-0.867286343488384,1.77948266041624
1855,3.79023182463097,2.41545365939644
1856,7.24918299224747,-1.29583940016765
1857,5.59778599084307,-2.09801086894077
1858,-0.560030656943171,1.09015095854127
1859,0.325751759928793,0.974645671208824
1860,7.24918299224747,-1.29583940016765
1861,7.24918299224747,-1.29583940016765
1862,5.59778599084307,-2.09801086894077
1863,3.79023182463097,2.41545365939644
1864,3.79023182463097,2.41545365939644
1865,-0.195664932598991,2.31302975381302
1866,1.97436652154476,2.63395641458568
1867,-0.965036929571819,1.60145178995774
1868,-0.377047260367794,2.00154179890796
1869,-0.358494662839561,-0.125008887158731
1870,-1.10315499751316,1.0508445710673
1871,3.87285005371851,1.74851615715675
1872,-1.20740260550867,1.29201761248454
1873,5.66659836819126,-0.890973944635181
1874,7.24918299224747,-1.29583940016765
1875,-0.917812550062439,2.14443004792411
1876,-0.626176094632985,2.75474914871079
1877,3.79023182463097,2.41545365939644
1878,-0.909488316424094,1.25815737117816
1879,2.37129370376687,2.26625864465671
1880,7.24918299224747,-1.29583940016765
1881,7.24918299224747,-1.29583940016765
1882,7.24918299224747,-1.29583940016765
1883,-0.290002203769793,-2.91404343289456
1884,5.66659836819126,-0.890973944635181
1885,-0.399753620305135,3.93527080995964
1886,0.0184537044233219,2.24977250293372
1887,6.11881887352344,-0.998449098076931
1888,-0.347090742799099,2.8877356957782
1889,-0.688778849509803,0.0888490023728776
1890,0.866570906934043,-4.68937486489386
1891,1.47577412149039,2.47597477624903
1892,7.24918299224747,-1.29583940016765
1893,7.13784232198929,-2.61608718626613
1894,7.24918299224747,-1.29583940016765
1895,7.00570386548264,-1.26989735437672
1896,-0.988557939745904,2.42224125188564
1897,7.24918299224747,-1.29583940016765
1898,7.24918299224747,-1.29583940016765
1899,1.97436652154476,2.63395641458568
1900,0.442438872473129,1.65901477346545
1901,-0.739933934056638,2.24241927406463
1902,7.24918299224747,-1.29583940016765
1903,2.1065981095145,2.63817066033163
1904,6.11881887352344,-0.998449098076931
1905,7.24918299224747,-1.29583940016765
1906,-0.91698330436075,0.00653196232805688
1907,2.37129370376687,2.26625864465671
1908,7.24918299224747,-1.29583940016765
1909,6.20809450630778,-0.190072429233103
1910,6.20809450630778,-0.190072429233103
1911,7.24918299224747,-1.29583940016765
1912,-0.0304219941131943,3.29242155240283
1913,7.24918299224747,-1.29583940016765
1914,6.67351588538598,-2.28996712089314
1915,7.24918299224747,-1.29583940016765
1916,6.20809450630778,-0.190072429233103
1917,2.37129370376687,2.26625864465671
1918,0.14108452710634,2.47500006465538
1919,5.73939334418134,-0.401987293089564
1920,-0.385418896548199,2.39060208917011
1921,-0.833214868435069,0.00695516685395417
1922,5.23531018500814,-1.47568093471173
1923,4.37598100155473,-1.12851895395331
1924,7.24918299224747,-1.29583940016765
1925,7.24918299224747,-1.29583940016765
1926,0.384044689323851,2.47126261159217
1927,0.507419723963433,2.56153668313027
1928,7.24918299224747,-1.29583940016765
1929,-0.292022326144689,2.84672822810329
1930,0.110137865098002,1.57922233432527
1931,1.91145323121389,2.97944228344622
1932,-0.986918968385784,2.26833356659359
1933,7.24918299224747,-1.29583940016765
1934,3.67946875207021,3.15707190710277
1935,-0.0528034503572466,2.44887093245512
1936,-0.705195124208048,1.94041622918524
1937,7.24918299224747,-1.29583940016765
1938,-0.70293244547514,2.66834330673041
1939,-0.629462646414898,2.42863682185006
1940,-1.07574216550895,1.76940101255355
1941,7.24918299224747,-1.29583940016765
1942,0.0223299652410895,1.74125402195491
1943,-1.47150180172989,-0.706321644103132
1944,-0.772839631121615,-0.00299886737477759
1945,-0.954256575000669,1.43818031175628
1946,0.106242916860041,0.902860560021198
1947,0.686520490358761,-0.685334465441366
1948,-1.54227279113693,1.4506736695347
1949,-0.0978352593711618,-0.224382313044368
1950,-1.20450625989595,-0.0637953007877322
1951,-1.23074217482943,0.276340186502743
1952,-1.32338827253517,-1.19320906863747
1953,-0.240095219683821,-0.373884631610368
1954,-1.18500917584126,-0.454165385479227
1955,0.122480726286213,0.0200235255756802
1956,1.05441688350918,0.0354972916114671
1957,-1.09165436887671,-0.414036191033715
1958,-1.36321669769248,-0.582174144424038
1959,0.0240500769724379,2.07298704779444
1960,-0.0978352593711618,-0.224382313044368
1961,0.44721534401823,0.606219206372344
1962,-0.0978352593711618,-0.224382313044368
1963,-0.906607884422696,1.24189392509518
1964,0.204489084749448,0.140370050656322
1965,-1.1283854062717,0.231336792950329
1966,-1.69138200936297,0.547217683925534
1967,-0.556501491867824,-0.147780930408848
1968,-0.860524634130321,1.11841710772826
1969,0.626209709949486,-0.137472789828017
1970,-1.83631768191269,-0.632530427690209
1971,-1.35537935179652,0.572577190714129
1972,0.135750682425699,0.427615534701566
1973,1.07075678712962,0.0474956074961131
1974,-0.0210316363568571,-0.288338208907445
1975,-1.02829460463758,1.05765510204997
1976,-0.868761781929283,0.503750078820942
1977,-1.17544339657145,2.19433436668634
1978,-1.1405535096422,2.19415537284019
1979,-1.16867586350942,2.20809332279008
1980,-1.13098558119072,2.18756395314136
1981,-1.16999466189751,2.24241263329916
1982,-1.12732311760502,2.18033343030568
1983,-1.12791084060607,0.124585579969935
1984,-1.11526629392833,2.16449189360706
1985,-1.15068197255935,2.21091337131468
1986,-1.15344038190013,2.22126998795442
1987,-1.08267286828539,2.22851479891127
1988,-1.05819380686606,2.27045737455268
1989,-1.14400841113358,2.20169907292772
1990,-1.04408253654349,2.2501498783612
1991,-1.09712995831587,2.22921100506833
1992,-0.0423916914053934,-0.676857679428455
1993,0.532816619878109,1.07189991160396
1994,-0.875749513848432,0.306976070800829
1995,-0.0646926829655961,-0.193261448180018
1996,-0.59289726663803,0.959903778380952
1997,0.49173615802331,0.962440941600408
1998,-1.36628959789578,1.13634780211839
1999,0.454792750951668,1.44355954907915
2000,-0.260791023530235,1.17361882115871
2001,0.711904270642544,1.12379131964217
2002,-1.03959878223276,0.947872989133477
2003,-0.542078252494569,-1.14927118778683
2004,-0.81953364964485,-0.443882482245705
2005,-1.43703910274116,0.520055039806927
2006,-0.683610947749714,0.0518918169857124
2007,-0.998333624864558,0.519746110714787
2008,-0.685011206083747,0.882099055923736
2009,-0.377348182168915,0.15329664123793
2010,-0.70306039846376,1.46692432151418
2011,0.274794688358406,0.421656589707994
2012,-0.588958384342783,2.01757982692947
2013,7.24918299224747,-1.29583940016765
2014,-1.33014915591452,0.360519334972305
2015,-0.679339687737685,1.03879115170211
2016,6.20809450630778,-0.190072429233103
2017,-1.19415198673466,1.72781872700582
2018,-0.889451259315385,2.34133709325943
2019,1.42256246728185,2.43024534799796
2020,-0.320379841129427,2.525982599314
2021,2.37129370376687,2.26625864465671
2022,-0.757996656344576,-0.0273408391804732
2023,7.24918299224747,-1.29583940016765
2024,-0.380613260489298,2.22458904649731
2025,-0.704577124142888,1.90149110175679
2026,1.97436652154476,2.63395641458568
2027,0.214164845006658,2.3097119044388
2028,7.24918299224747,-1.29583940016765
2029,0.452741499288707,2.40831325822448
2030,-0.832889314721253,0.450492936904387
2031,7.24918299224747,-1.29583940016765
2032,7.24918299224747,-1.29583940016765
2033,7.24918299224747,-1.29583940016765
2034,6.11881887352344,-0.998449098076931
2035,-0.773976164247007,2.53186105740402
2036,5.54315176666196,-1.99257681880242
2037,-0.166319305673924,2.16052501773772
2038,-0.881408176191102,-0.223127328778243
2039,-0.376739379080432,2.50644384558476
2040,-0.0304219941131943,3.29242155240283
2041,-0.465091512750632,1.06834792025642
2042,-0.894897536425332,1.31854846043108
2043,-0.517508337557076,0.840144109992032
2044,1.68869692882745,2.08008707466779
2045,-0.556770407144953,1.14863125912146
2046,0.0482483681953249,1.40354659517719
2047,1.97436652154476,2.63395641458568
2048,0.136415354642103,2.43155350086888
2049,7.24918299224747,-1.29583940016765
2050,-0.149085264753461,1.31584374074578
2051,-0.0896978435260676,1.44312109214216
2052,-0.119625462077414,1.46185410625487
2053,-1.04479860513157,2.15038749496453
2054,0.533477476200722,2.65784298781228
2055,-0.309992551745571,2.06691737305102
2056,-0.751765149163684,2.08827185274918
2057,7.24918299224747,-1.29583940016765
2058,7.24918299224747,-1.29583940016765
2059,7.24918299224747,-1.29583940016765
2060,-0.733592604830179,-0.00880105557664494
2061,-0.541800178476371,0.683446790906724
2062,0.310567525643862,2.59814229592593
2063,7.24918299224747,-1.29583940016765
2064,0.298375790745666,3.72739214872793
2065,-0.602120353027833,1.48323980856221
2066,0.0761641211811225,-0.254981281259436
2067,7.24918299224747,-1.29583940016765
2068,-0.482368191055784,2.5145012481559
2069,7.24918299224747,-1.29583940016765
2070,-1.12070852957245,2.51718060953614
2071,7.24918299224747,-1.29583940016765
2072,7.24918299224747,-1.29583940016765
2073,-0.587849512793435,1.92679487359659
2074,7.24918299224747,-1.29583940016765
2075,6.88931743358839,-1.0663568275786
2076,-0.806900426415655,2.27259538205965
2077,-0.031045823907882,1.21728626270187
2078,5.31504883055795,-1.82014466339891
2079,5.22872255557825,-2.06980283544833
2080,-0.0304219941131943,3.29242155240283
2081,7.24918299224747,-1.29583940016765
2082,0.271129584406563,2.44312262562518
2083,7.24918299224747,-1.29583940016765
2084,6.67351588538598,-2.28996712089314
2085,-1.29360812266423,2.35367904091324
2086,7.24918299224747,-1.29583940016765
2087,7.24918299224747,-1.29583940016765
2088,-0.453264129362393,2.29298372593298
2089,-0.733342130477241,-0.194358147969577
2090,-0.0383146898490425,2.04502036856524
2091,7.24918299224747,-1.29583940016765
2092,7.24918299224747,-1.29583940016765
2093,1.68869692882745,2.08008707466779
2094,7.24918299224747,-1.29583940016765
2095,-0.0304219941131943,3.29242155240283
2096,-0.0304219941131943,3.29242155240283
2097,-0.42155313440081,2.40879378763524
2098,0.333135973365296,2.40495713666371
2099,-1.45210051371414,0.33237340032673
2100,4.34503687296155,0.587877668572924
2101,2.00774356006166,3.12466915611936
2102,-0.133893007541525,2.0383331315024
2103,6.20809450630778,-0.190072429233103
2104,0.510920045002436,2.19579572923818
2105,7.24918299224747,-1.29583940016765
2106,4.97564837823916,-1.82227531671106
2107,2.00774356006166,3.12466915611936
2108,7.24918299224747,-1.29583940016765
2109,-1.03868031061873,1.56979999411698
2110,-0.332094444145931,-1.53231159850915
2111,0.0147637812783615,1.41565499989563
2112,7.24918299224747,-1.29583940016765
2113,7.24918299224747,-1.29583940016765
2114,-0.792700828360058,0.0688146808859297
2115,3.79023182463097,2.41545365939644
2116,7.24918299224747,-1.29583940016765
2117,-0.0304219941131943,3.29242155240283
2118,6.88931743358839,-1.0663568275786
2119,0.586949928673194,2.61056497158545
2120,7.24918299224747,-1.29583940016765
2121,-0.871533597729586,-0.213786010739957
2122,7.24918299224747,-1.29583940016765
2123,-0.205253947508687,2.99913732947626
2124,7.24918299224747,-1.29583940016765
2125,-0.287164827427216,2.24977131549041
2126,-0.377660027906422,2.52519686531957
2127,7.24918299224747,-1.29583940016765
2128,-0.307141287781494,2.73665917557123
2129,6.45692928484657,0.144160693949533
2130,-0.518794026229902,1.65606465929425
2131,-0.360786909690426,1.04310962799911
2132,2.37129370376687,2.26625864465671
2133,0.379959899855185,2.63328734710166
2134,-0.352765984169941,2.38922156209896
2135,0.192576227967373,2.69594889163359
2136,-1.12402597418289,3.46540305464978
2137,0.137895210136984,0.733790255776472
2138,0.415549323504858,2.48658659955984
2139,2.00774356006166,3.12466915611936
2140,2.37129370376687,2.26625864465671
2141,-1.47734253731903,0.0898732265533876
2142,-0.747214219957389,2.39988017597682
2143,7.24918299224747,-1.29583940016765
2144,7.24918299224747,-1.29583940016765
2145,-0.432044983717802,2.56837149945873
2146,4.48137528737487,1.35502711674692
2147,-0.868063437246481,1.38409153639558
2148,-0.834624130785493,0.00745926524599748
2149,0.405707669107268,0.00288484412062813
2150,1.91145323121389,2.97944228344622
2151,-0.379162717591023,2.88250121846904
2152,7.24918299224747,-1.29583940016765
2153,5.66659836819126,-0.890973944635181
2154,7.24918299224747,-1.29583940016765
2155,0.384044689323851,2.47126261159217
2156,4.99850506114924,-2.64627580716278
2157,7.24918299224747,-1.29583940016765
2158,-0.95671907888573,2.39432069185414
2159,0.913878936624235,2.93652748915206
2160,5.66659836819126,-0.890973944635181
2161,7.24918299224747,-1.29583940016765
2162,0.198233189940872,1.71583954352
2163,2.00774356006166,3.12466915611936
2164,-0.271741881695409,2.21263766716736
2165,5.54315176666196,-1.99257681880242
2166,0.0212920753943177,1.50459959432713
2167,-0.413091330438008,0.00858301137275386
2168,6.48170301539323,-1.59988167187974
2169,7.24918299224747,-1.29583940016765
2170,-1.22652374183088,2.14697139417955
2171,7.24918299224747,-1.29583940016765
2172,-0.838169862153041,1.57237016382765
2173,-0.389883319606436,2.60919205218255
2174,6.2353386892915,-1.61138333857203
2175,4.97715184010885,-0.802545584084946
2176,1.97436652154476,2.63395641458568
2177,-1.09924251924409,1.39631953671489
2178,-0.40289947037547,2.47913390876425
2179,-1.57369635970995,1.52863957826779
2180,7.24918299224747,-1.29583940016765
2181,-0.655220089670234,2.34084538779651
2182,7.24918299224747,-1.29583940016765
2183,7.24918299224747,-1.29583940016765
2184,2.00774356006166,3.12466915611936
2185,-0.509133070714791,2.75320753316303
2186,-0.866691981198505,2.22633218375909
2187,5.23531018500814,-1.47568093471173
2188,-0.76672836170583,-0.076335539359945
2189,7.24918299224747,-1.29583940016765
2190,0.0308595493564997,2.305373244906
2191,7.24918299224747,-1.29583940016765
2192,2.37129370376687,2.26625864465671
2193,4.37598100155473,-1.12851895395331
2194,7.24918299224747,-1.29583940016765
2195,-0.28703904894251,1.91270622013735
2196,-0.436105737400075,1.33544451980879
2197,-0.624650403126135,1.94446570667869
2198,-0.250490365326502,2.28655233149872
2199,0.645395540072759,2.39368613035201
2200,-0.0304219941131943,3.29242155240283
2201,-0.326135019554573,2.28365680676934
2202,-1.78437516206558,1.3625519841747
2203,-1.19446434255444,2.15445232475343
2204,4.96461656425519,-0.796835317786997
2205,7.24918299224747,-1.29583940016765
2206,-0.283693051482845,1.7522858917873
2207,-1.04718166161848,2.17168741198716
2208,-1.12070852957245,2.51718060953614
2209,-0.81976378144217,2.12414083549423
2210,-0.332094444145931,-1.53231159850915
2211,7.24918299224747,-1.29583940016765
2212,-1.31724334849733,2.10599336885465
2213,-1.25309416332537,1.60152176387081
2214,-0.0304219941131943,3.29242155240283
2215,0.29884322859128,2.28560694586098
2216,7.24918299224747,-1.29583940016765
2217,2.00774356006166,3.12466915611936
2218,7.24918299224747,-1.29583940016765
2219,7.24918299224747,-1.29583940016765
2220,-1.63320313207704,-0.557715089559762
2221,5.66659836819126,-0.890973944635181
2222,-0.0811254771660894,0.00107607145422151
2223,0.17153406529369,1.89274641721571
2224,-0.739933934056638,2.24241927406463
2225,0.211090594550303,2.49383277034292
2226,5.66659836819126,-0.890973944635181
2227,6.74419422208293,-1.36869476358444
2228,2.37129370376687,2.26625864465671
2229,7.24918299224747,-1.29583940016765
2230,-1.65540055452053,2.02388461446131
2231,-0.724558696055297,1.64453192011712
2232,-1.37666478251001,1.33605205231202
2233,-0.477020920835451,0.770230814542812
2234,7.24918299224747,-1.29583940016765
2235,7.24918299224747,-1.29583940016765
2236,2.00774356006166,3.12466915611936
2237,5.73939334418134,-0.401987293089564
2238,2.00774356006166,3.12466915611936
2239,-0.758883237222586,2.74511084861672
2240,0.379913636112622,-3.63012727857257
2241,2.00774356006166,3.12466915611936
2242,4.61170984562811,1.39868680998528
2243,-0.869178730763872,2.34390412211452
2244,7.24918299224747,-1.29583940016765
2245,-1.8661055475029,1.5211023731163
2246,-0.163319527056374,2.53550678048189
2247,-0.949956470690999,0.166923486232338
2248,7.24918299224747,-1.29583940016765
2249,-0.94177577202498,2.14623739655006
2250,-0.739837949034529,2.463873098138
2251,0.342296536530105,2.62001822102404
2252,-0.218603618746667,1.65744384524606
2253,7.24918299224747,-1.29583940016765
2254,2.00774356006166,3.12466915611936
2255,0.198233189940872,1.71583954352
2256,5.54315176666196,-1.99257681880242
2257,1.91145323121389,2.97944228344622
2258,-0.667809708809204,2.32472992153271
2259,2.00774356006166,3.12466915611936
2260,7.24918299224747,-1.29583940016765
2261,7.24918299224747,-1.29583940016765
2262,3.05266331350519,0.69694029877904
2263,2.33949173870624,0.53276076398929
2264,6.67317098794769,-1.11038230052384
2265,1.68869692882745,2.08008707466779
2266,1.97436652154476,2.63395641458568
2267,7.24918299224747,-1.29583940016765
2268,0.404486981707725,1.54331874839037
2269,7.24918299224747,-1.29583940016765
2270,-0.549609456401796,2.82134217564323
2271,7.24918299224747,-1.29583940016765
2272,-0.0304219941131943,3.29242155240283
2273,5.66659836819126,-0.890973944635181
2274,-0.490700868237432,3.02534354145872
2275,6.67351588538598,-2.28996712089314
2276,7.24918299224747,-1.29583940016765
2277,3.79023182463097,2.41545365939644
2278,7.24918299224747,-1.29583940016765
2279,7.24918299224747,-1.29583940016765
2280,4.37598100155473,-1.12851895395331
2281,7.23826908697152,-2.20322047296024
2282,-0.739933934056638,2.24241927406463
2283,1.91145323121389,2.97944228344622
2284,-0.838408593699477,1.61299763893833
2285,-0.775055267996388,1.9515620530899
2286,7.24918299224747,-1.29583940016765
2287,7.24918299224747,-1.29583940016765
2288,-0.499981135166307,-0.919129559938153
2289,-0.36710917895823,-0.98172195344421
2290,-0.445267287522767,-0.970788692620978
2291,-1.71979951467359,0.409923598942654
2292,-0.422910328585946,-0.944118510204134
2293,-0.218917400879024,-1.34672893061071
2294,-0.525455459445776,1.92281038387071
2295,-0.320483887217656,2.46114396831275
2296,0.199580210570357,3.14447313184899
2297,-0.153208531990667,2.39401368324832
2298,-1.35745847900044,1.49629154718004
2299,-0.281681741542826,2.26957413403892
2300,-0.40507603455349,2.53847119452279
2301,-0.183300694510973,2.72329954458722
2302,-1.09518911340242,1.19725581955739
2303,0.0977016104427367,2.56994970605027
2304,-4.10476625297872,0.426790151334533
2305,-0.349616940894319,2.1075333062201
2306,-0.223767418518247,2.60299985575541
2307,-1.17705536633602,2.22727761643662
2308,-1.18382606602941,2.22246144427348
2309,-0.396309338433918,-1.18046161045748
2310,-0.44161506337987,-1.18464334370158
2311,-0.402689787365034,-1.05762114037098
2312,-0.386310997898348,-1.05118529818458
2313,-0.254590022348042,-1.10417783569107
2314,-0.377331258481428,-1.1862419638926
2315,-0.468485525002481,-0.980932616655872
2316,0.232199838493006,3.11895663306577
2317,-0.232327705188887,-1.05566780690324
2318,-0.282657871281056,-1.09322099230951
2319,-0.248489303533865,-0.704141965558017
2320,-0.146966965037099,-0.735125970114045
2321,-0.314214425359438,-1.07533479119231
2322,-0.238641709982634,-1.11468845939187
2323,-0.254454294361821,-1.03775233167272
2324,-0.323589848755002,-0.632553728155084
2325,-0.296159724524648,-0.920724363353203
2326,-0.291111496804435,-0.840293851242769
2327,-0.400010247141003,-0.942945852668591
2328,-0.23250431245857,-0.931816607298772
2329,-0.336387635174729,-0.909697538657293
2330,-0.33482131089352,-0.918396474268125
2331,-0.2809046308259,-0.890700727604401
2332,-0.439080396188166,-0.915832711622638
2333,-0.280900721053823,-0.895333174591891
2334,-0.321916597664129,-0.955157736469515
2335,-0.319244252756728,-0.918172218131588
2336,-0.280371731827774,-0.926840998872334
2337,-0.333767110147248,-0.810240722713021
2338,-0.18396277826386,-0.827898910924715
2339,-0.289473308857153,-0.976990562028176
2340,0.698431525276173,0.442818946431748
